TransverseCrack 358.222 551.7 447.778 643.65 0.131146
TransverseCrack 0 643.65 89.5556 735.6 0.149694
TransverseCrack 89.5556 643.65 179.111 735.6 0.199942
TransverseCrack 179.111 643.65 268.667 735.6 0.205818
TransverseCrack 268.667 735.6 358.222 827.55 0.130521
TransverseCrack 358.222 735.6 447.778 827.55 0.232502
TransverseCrack 447.778 735.6 537.333 827.55 0.153544
TransverseCrack 537.333 735.6 626.889 827.55 0.375382
TransverseCrack 626.889 735.6 716.444 827.55 0.36599
TransverseCrack 716.444 735.6 806 827.55 0.383395
TransverseCrack 806 735.6 895.556 827.55 0.190581
TransverseCrack 895.556 735.6 985.111 827.55 0.898105
TransverseCrack 985.111 735.6 1074.67 827.55 0.933402
TransverseCrack 1074.67 735.6 1164.22 827.55 0.876028
TransverseCrack 1164.22 735.6 1253.78 827.55 0.720629
TransverseCrack 1253.78 735.6 1343.33 827.55 0.43634
TransverseCrack 1343.33 735.6 1432.89 827.55 0.142326
TransverseCrack 806 827.55 895.556 919.5 0.200938
