StripRepair 0 459.75 89.5556 551.7 0.953461
StripRepair 89.5556 459.75 179.111 551.7 0.807115
StripRepair 0 551.7 89.5556 643.65 0.491303
StripRepair 89.5556 551.7 179.111 643.65 0.863763
StripRepair 179.111 551.7 268.667 643.65 0.837724
StripRepair 268.667 551.7 358.222 643.65 0.861421
StripRepair 358.222 551.7 447.778 643.65 0.631142
StripRepair 447.778 551.7 537.333 643.65 0.786906
StripRepair 537.333 551.7 626.889 643.65 0.82096
StripRepair 626.889 551.7 716.444 643.65 0.536033
StripRepair 537.333 643.65 626.889 735.6 0.690211
StripRepair 626.889 643.65 716.444 735.6 0.922695
StripRepair 716.444 643.65 806 735.6 0.96421
StripRepair 806 643.65 895.556 735.6 0.994942
StripRepair 895.556 643.65 985.111 735.6 0.449509
StripRepair 985.111 643.65 1074.67 735.6 0.340571
StripRepair 806 735.6 895.556 827.55 0.925146
StripRepair 895.556 735.6 985.111 827.55 0.229169
TransverseCrack 1343.33 919.5 1432.89 1011.45 0.568447
TransverseCrack 895.556 1011.45 985.111 1103.4 0.126259
TransverseCrack 985.111 1011.45 1074.67 1103.4 0.126558
TransverseCrack 1074.67 1011.45 1164.22 1103.4 0.498294
TransverseCrack 1164.22 1011.45 1253.78 1103.4 0.798767
TransverseCrack 1253.78 1011.45 1343.33 1103.4 0.819774
TransverseCrack 1343.33 1011.45 1432.89 1103.4 0.363552
