StripRepair 1522.44 367.8 1612 459.75 0.625292
StripRepair 179.111 459.75 268.667 551.7 0.961858
StripRepair 268.667 459.75 358.222 551.7 0.972329
StripRepair 358.222 459.75 447.778 551.7 0.768186
StripRepair 447.778 459.75 537.333 551.7 0.281841
StripRepair 1343.33 459.75 1432.89 551.7 0.986046
StripRepair 1432.89 459.75 1522.44 551.7 0.999299
StripRepair 1522.44 459.75 1612 551.7 0.998934
StripRepair 179.111 551.7 268.667 643.65 0.895241
StripRepair 268.667 551.7 358.222 643.65 0.987072
StripRepair 358.222 551.7 447.778 643.65 0.998767
StripRepair 447.778 551.7 537.333 643.65 0.999147
StripRepair 537.333 551.7 626.889 643.65 0.999147
StripRepair 626.889 551.7 716.444 643.65 0.998807
StripRepair 716.444 551.7 806 643.65 0.996344
StripRepair 806 551.7 895.556 643.65 0.991926
StripRepair 895.556 551.7 985.111 643.65 0.994109
StripRepair 985.111 551.7 1074.67 643.65 0.997506
StripRepair 1074.67 551.7 1164.22 643.65 0.994999
StripRepair 1164.22 551.7 1253.78 643.65 0.991264
StripRepair 1253.78 551.7 1343.33 643.65 0.99877
StripRepair 1343.33 551.7 1432.89 643.65 0.997673
StripRepair 1432.89 551.7 1522.44 643.65 0.684684
StripRepair 0 643.65 89.5556 735.6 0.109175
StripRepair 985.111 643.65 1074.67 735.6 0.663209
StripRepair 1074.67 643.65 1164.22 735.6 0.965923
StripRepair 1164.22 643.65 1253.78 735.6 0.985922
StripRepair 1253.78 643.65 1343.33 735.6 0.823288
LongitudinalCrack 0 1471.2 89.5556 1563.15 0.523548
LongitudinalCrack 0 1563.15 89.5556 1655.1 0.751877
LongitudinalCrack 89.5556 1563.15 179.111 1655.1 0.809814
LongitudinalCrack 0 1655.1 89.5556 1747.05 0.463823
LongitudinalCrack 89.5556 1655.1 179.111 1747.05 0.730164
LongitudinalCrack 0 1747.05 89.5556 1839 0.10681
LongitudinalCrack 89.5556 1747.05 179.111 1839 0.722966
