StripRepair 0 1471.2 89.5556 1563.15 0.799566
StripRepair 0 1563.15 89.5556 1655.1 0.99745
StripRepair 89.5556 1563.15 179.111 1655.1 0.99919
StripRepair 179.111 1563.15 268.667 1655.1 0.962931
StripRepair 89.5556 1655.1 179.111 1747.05 0.812624
StripRepair 179.111 1655.1 268.667 1747.05 0.998523
StripRepair 268.667 1655.1 358.222 1747.05 0.997528
StripRepair 358.222 1655.1 447.778 1747.05 0.994313
StripRepair 447.778 1655.1 537.333 1747.05 0.958631
StripRepair 268.667 1747.05 358.222 1839 0.588594
StripRepair 358.222 1747.05 447.778 1839 0.973878
StripRepair 447.778 1747.05 537.333 1839 0.996475
StripRepair 537.333 1747.05 626.889 1839 0.998311
StripRepair 626.889 1747.05 716.444 1839 0.998099
StripRepair 716.444 1747.05 806 1839 0.991606
StripRepair 806 1747.05 895.556 1839 0.990008
StripRepair 895.556 1747.05 985.111 1839 0.897834
LongitudinalCrack 895.556 367.8 985.111 459.75 0.145406
LongitudinalCrack 895.556 459.75 985.111 551.7 0.161674
LongitudinalCrack 895.556 551.7 985.111 643.65 0.171731
LongitudinalCrack 895.556 643.65 985.111 735.6 0.243402
LongitudinalCrack 895.556 735.6 985.111 827.55 0.363092
LongitudinalCrack 895.556 827.55 985.111 919.5 0.756868
LongitudinalCrack 895.556 919.5 985.111 1011.45 0.767345
LongitudinalCrack 806 1011.45 895.556 1103.4 0.587455
LongitudinalCrack 895.556 1011.45 985.111 1103.4 0.456642
LongitudinalCrack 806 1103.4 895.556 1195.35 0.734168
LongitudinalCrack 806 1195.35 895.556 1287.3 0.549179
LongitudinalCrack 806 1287.3 895.556 1379.25 0.196432
