TransverseCrack 0 367.8 89.5556 459.75 0.352285
TransverseCrack 89.5556 367.8 179.111 459.75 0.21907
TransverseCrack 179.111 367.8 268.667 459.75 0.268201
TransverseCrack 268.667 367.8 358.222 459.75 0.315292
TransverseCrack 806 367.8 895.556 459.75 0.470924
TransverseCrack 895.556 367.8 985.111 459.75 0.484445
TransverseCrack 985.111 367.8 1074.67 459.75 0.254071
TransverseCrack 358.222 459.75 447.778 551.7 0.721531
TransverseCrack 447.778 459.75 537.333 551.7 0.503732
TransverseCrack 537.333 459.75 626.889 551.7 0.350345
TransverseCrack 626.889 459.75 716.444 551.7 0.395821
TransverseCrack 716.444 459.75 806 551.7 0.548472
TransverseCrack 806 459.75 895.556 551.7 0.416129
TransverseCrack 895.556 459.75 985.111 551.7 0.261047
TransverseCrack 447.778 551.7 537.333 643.65 0.235283
TransverseCrack 537.333 551.7 626.889 643.65 0.724846
TransverseCrack 626.889 551.7 716.444 643.65 0.858514
TransverseCrack 716.444 551.7 806 643.65 0.679732
TransverseCrack 806 551.7 895.556 643.65 0.450754
TransverseCrack 895.556 551.7 985.111 643.65 0.258759
TransverseCrack 985.111 551.7 1074.67 643.65 0.316573
AlligatorCrack 806 735.6 895.556 827.55 0.120525
AlligatorCrack 895.556 735.6 985.111 827.55 0.630646
AlligatorCrack 985.111 735.6 1074.67 827.55 0.326813
AlligatorCrack 1074.67 735.6 1164.22 827.55 0.100938
AlligatorCrack 0 827.55 89.5556 919.5 0.717782
AlligatorCrack 89.5556 827.55 179.111 919.5 0.831715
AlligatorCrack 179.111 827.55 268.667 919.5 0.384663
AlligatorCrack 268.667 827.55 358.222 919.5 0.800422
AlligatorCrack 358.222 827.55 447.778 919.5 0.788455
AlligatorCrack 447.778 827.55 537.333 919.5 0.731147
AlligatorCrack 537.333 827.55 626.889 919.5 0.844488
AlligatorCrack 626.889 827.55 716.444 919.5 0.694339
AlligatorCrack 716.444 827.55 806 919.5 0.641556
AlligatorCrack 806 827.55 895.556 919.5 0.780504
AlligatorCrack 895.556 827.55 985.111 919.5 0.750035
AlligatorCrack 985.111 827.55 1074.67 919.5 0.585124
AlligatorCrack 1074.67 827.55 1164.22 919.5 0.230933
AlligatorCrack 0 919.5 89.5556 1011.45 0.799662
AlligatorCrack 89.5556 919.5 179.111 1011.45 0.278019
AlligatorCrack 179.111 919.5 268.667 1011.45 0.48765
AlligatorCrack 358.222 919.5 447.778 1011.45 0.169856
AlligatorCrack 447.778 919.5 537.333 1011.45 0.223099
AlligatorCrack 537.333 919.5 626.889 1011.45 0.552441
AlligatorCrack 626.889 919.5 716.444 1011.45 0.862444
AlligatorCrack 716.444 919.5 806 1011.45 0.139453
AlligatorCrack 179.111 1011.45 268.667 1103.4 0.957826
AlligatorCrack 268.667 1011.45 358.222 1103.4 0.987808
AlligatorCrack 358.222 1011.45 447.778 1103.4 0.935734
AlligatorCrack 447.778 1011.45 537.333 1103.4 0.775473
AlligatorCrack 537.333 1011.45 626.889 1103.4 0.806039
AlligatorCrack 716.444 1011.45 806 1103.4 0.548443
AlligatorCrack 0 1103.4 89.5556 1195.35 0.775661
AlligatorCrack 89.5556 1103.4 179.111 1195.35 0.870663
AlligatorCrack 179.111 1103.4 268.667 1195.35 0.67671
AlligatorCrack 447.778 1103.4 537.333 1195.35 0.166663
AlligatorCrack 537.333 1103.4 626.889 1195.35 0.459689
AlligatorCrack 0 1195.35 89.5556 1287.3 0.264807
AlligatorCrack 179.111 1195.35 268.667 1287.3 0.794091
AlligatorCrack 268.667 1195.35 358.222 1287.3 0.869919
AlligatorCrack 358.222 1195.35 447.778 1287.3 0.869552
AlligatorCrack 447.778 1195.35 537.333 1287.3 0.788806
AlligatorCrack 0 1287.3 89.5556 1379.25 0.677393
AlligatorCrack 0 1379.25 89.5556 1471.2 0.847476
AlligatorCrack 89.5556 1379.25 179.111 1471.2 0.21361
AlligatorCrack 179.111 1379.25 268.667 1471.2 0.161324
