LongitudinalCrack 1598.44 1100 1698.34 1200 0.64018
LongitudinalCrack 1698.34 1100 1798.24 1200 0.20436
LongitudinalCrack 1598.44 1200 1698.34 1300 0.72111
LongitudinalCrack 1598.44 1300 1698.34 1400 0.676438
LongitudinalCrack 1598.44 1400 1698.34 1500 0.755968
LongitudinalCrack 1598.44 1500 1698.34 1600 0.769188
LongitudinalCrack 1598.44 1600 1698.34 1700 0.88371
LongitudinalCrack 1598.44 1700 1698.34 1800 0.838835
LongitudinalCrack 1598.44 1800 1698.34 1900 0.848861
LongitudinalCrack 1598.44 1900 1698.34 2000 0.710393
