LongitudinalCrack 599.415 0 699.317 100 0.213359
LongitudinalCrack 599.415 100 699.317 200 0.259189
LongitudinalCrack 899.122 100 999.024 200 0.183187
LongitudinalCrack 499.512 200 599.415 300 0.130935
LongitudinalCrack 599.415 200 699.317 300 0.356277
LongitudinalCrack 699.317 200 799.219 300 0.252639
LongitudinalCrack 899.122 200 999.024 300 0.444631
LongitudinalCrack 699.317 300 799.219 400 0.659792
LongitudinalCrack 799.219 300 899.122 400 0.780786
LongitudinalCrack 599.415 400 699.317 500 0.135284
LongitudinalCrack 699.317 400 799.219 500 0.891711
LongitudinalCrack 599.415 500 699.317 600 0.763423
LongitudinalCrack 699.317 500 799.219 600 0.161587
LongitudinalCrack 499.512 600 599.415 700 0.608342
LongitudinalCrack 699.317 600 799.219 700 0.10152
LongitudinalCrack 799.219 600 899.122 700 0.114347
LongitudinalCrack 499.512 700 599.415 800 0.316323
LongitudinalCrack 799.219 700 899.122 800 0.107309
LongitudinalCrack 799.219 800 899.122 900 0.245443
LongitudinalCrack 799.219 900 899.122 1000 0.206767
LongitudinalCrack 799.219 1000 899.122 1100 0.208974
LongitudinalCrack 799.219 1100 899.122 1200 0.123061
LongitudinalCrack 699.317 1200 799.219 1300 0.835767
LongitudinalCrack 699.317 1300 799.219 1400 0.868549
LongitudinalCrack 699.317 1400 799.219 1500 0.121651
LongitudinalCrack 799.219 1400 899.122 1500 0.56631
LongitudinalCrack 899.122 1400 999.024 1500 0.145514
LongitudinalCrack 799.219 1500 899.122 1600 0.598829
LongitudinalCrack 699.317 1600 799.219 1700 0.26414
LongitudinalCrack 799.219 1600 899.122 1700 0.29778
LongitudinalCrack 699.317 1700 799.219 1800 0.500153
LongitudinalCrack 799.219 1700 899.122 1800 0.505797
LongitudinalCrack 599.415 1800 699.317 1900 0.113092
LongitudinalCrack 699.317 1800 799.219 1900 0.179224
LongitudinalCrack 799.219 1800 899.122 1900 0.70796
LongitudinalCrack 599.415 1900 699.317 2000 0.123729
LongitudinalCrack 699.317 1900 799.219 2000 0.225842
LongitudinalCrack 799.219 1900 899.122 2000 0.591799
