LongitudinalCrack 799.219 200 899.122 300 0.565904
LongitudinalCrack 899.122 200 999.024 300 0.347572
LongitudinalCrack 799.219 300 899.122 400 0.981465
LongitudinalCrack 899.122 300 999.024 400 0.11842
LongitudinalCrack 699.317 400 799.219 500 0.546957
LongitudinalCrack 799.219 400 899.122 500 0.988202
LongitudinalCrack 699.317 500 799.219 600 0.981173
LongitudinalCrack 599.415 600 699.317 700 0.708039
LongitudinalCrack 699.317 600 799.219 700 0.487694
LongitudinalCrack 599.415 700 699.317 800 0.768761
LongitudinalCrack 699.317 700 799.219 800 0.55344
LongitudinalCrack 699.317 800 799.219 900 0.979022
LongitudinalCrack 699.317 900 799.219 1000 0.982059
LongitudinalCrack 699.317 1000 799.219 1100 0.932341
LongitudinalCrack 699.317 1100 799.219 1200 0.929582
LongitudinalCrack 799.219 1100 899.122 1200 0.134883
LongitudinalCrack 699.317 1200 799.219 1300 0.984347
LongitudinalCrack 699.317 1300 799.219 1400 0.986293
LongitudinalCrack 699.317 1400 799.219 1500 0.993572
LongitudinalCrack 599.415 1500 699.317 1600 0.688835
LongitudinalCrack 699.317 1500 799.219 1600 0.975447
LongitudinalCrack 599.415 1600 699.317 1700 0.986957
LongitudinalCrack 499.512 1700 599.415 1800 0.173251
LongitudinalCrack 599.415 1700 699.317 1800 0.810891
LongitudinalCrack 499.512 1800 599.415 1900 0.935141
LongitudinalCrack 599.415 1800 699.317 1900 0.189252
LongitudinalCrack 499.512 1900 599.415 2000 0.902224
