StripRepair 3096.98 800 3196.88 900 0.319047
StripRepair 3196.88 800 3296.78 900 0.236155
StripRepair 3096.98 900 3196.88 1000 0.613112
StripRepair 3196.88 900 3296.78 1000 0.359043
StripRepair 3096.98 1000 3196.88 1100 0.633238
StripRepair 3196.88 1000 3296.78 1100 0.219065
StripRepair 3096.98 1100 3196.88 1200 0.378714
StripRepair 3196.88 1100 3296.78 1200 0.487868
StripRepair 3096.98 1200 3196.88 1300 0.227131
StripRepair 3196.88 1200 3296.78 1300 0.821472
StripRepair 3196.88 1300 3296.78 1400 0.757506
StripRepair 3196.88 1400 3296.78 1500 0.855977
StripRepair 3296.78 1400 3396.68 1500 0.71295
StripRepair 3196.88 1500 3296.78 1600 0.989428
StripRepair 3296.78 1500 3396.68 1600 0.797998
StripRepair 3196.88 1600 3296.78 1700 0.997215
StripRepair 3296.78 1600 3396.68 1700 0.668675
StripRepair 3096.98 1700 3196.88 1800 0.986119
StripRepair 3196.88 1700 3296.78 1800 0.999573
StripRepair 2997.07 1800 3096.98 1900 0.308018
StripRepair 3096.98 1800 3196.88 1900 0.998548
StripRepair 3196.88 1800 3296.78 1900 0.909377
StripRepair 2997.07 1900 3096.98 2000 0.997526
StripRepair 3096.98 1900 3196.88 2000 0.990681
LongitudinalCrack 299.707 0 399.61 100 0.185836
LongitudinalCrack 599.415 0 699.317 100 0.177769
LongitudinalCrack 699.317 600 799.219 700 0.12973
LongitudinalCrack 499.512 700 599.415 800 0.135577
LongitudinalCrack 699.317 700 799.219 800 0.265511
LongitudinalCrack 799.219 700 899.122 800 0.114625
LongitudinalCrack 599.415 800 699.317 900 0.570057
LongitudinalCrack 699.317 800 799.219 900 0.208423
LongitudinalCrack 599.415 900 699.317 1000 0.518873
LongitudinalCrack 599.415 1000 699.317 1100 0.398644
LongitudinalCrack 599.415 1100 699.317 1200 0.440625
LongitudinalCrack 499.512 1200 599.415 1300 0.10351
LongitudinalCrack 599.415 1200 699.317 1300 0.683468
LongitudinalCrack 399.61 1300 499.512 1400 0.131093
LongitudinalCrack 599.415 1300 699.317 1400 0.789681
LongitudinalCrack 499.512 1400 599.415 1500 0.591913
LongitudinalCrack 599.415 1400 699.317 1500 0.537416
LongitudinalCrack 499.512 1500 599.415 1600 0.484175
LongitudinalCrack 599.415 1500 699.317 1600 0.502006
LongitudinalCrack 599.415 1600 699.317 1700 0.733007
LongitudinalCrack 599.415 1700 699.317 1800 0.376679
LongitudinalCrack 599.415 1800 699.317 1900 0.338532
LongitudinalCrack 599.415 1900 699.317 2000 0.356747
