StripRepair 3096.98 1300 3196.88 1400 0.993289
StripRepair 3196.88 1300 3296.78 1400 0.989518
StripRepair 2997.07 1400 3096.98 1500 0.268438
StripRepair 3096.98 1400 3196.88 1500 0.994151
StripRepair 3196.88 1400 3296.78 1500 0.827403
StripRepair 2997.07 1500 3096.98 1600 0.993413
StripRepair 3096.98 1500 3196.88 1600 0.997934
StripRepair 3196.88 1500 3296.78 1600 0.231227
StripRepair 2997.07 1600 3096.98 1700 0.999106
StripRepair 3096.98 1600 3196.88 1700 0.708
StripRepair 2997.07 1700 3096.98 1800 0.997921
StripRepair 2997.07 1800 3096.98 1900 0.986861
StripRepair 2997.07 1900 3096.98 2000 0.984706
StripRepair 3096.98 1900 3196.88 2000 0.208988
