TransverseCrack 2697.37 1600 2797.27 1700 0.32109
TransverseCrack 2797.27 1600 2897.17 1700 0.145799
TransverseCrack 3096.98 1600 3196.88 1700 0.474745
TransverseCrack 3196.88 1600 3296.78 1700 0.170777
TransverseCrack 3296.78 1600 3396.68 1700 0.145903
TransverseCrack 3396.68 1600 3496.59 1700 0.141495
TransverseCrack 3496.59 1600 3596.49 1700 0.182299
TransverseCrack 3596.49 1600 3696.39 1700 0.457482
TransverseCrack 3696.39 1600 3796.29 1700 0.525008
TransverseCrack 2397.66 1700 2497.56 1800 0.218313
TransverseCrack 2497.56 1700 2597.46 1800 0.107158
TransverseCrack 2597.46 1700 2697.37 1800 0.114055
TransverseCrack 2697.37 1700 2797.27 1800 0.809478
TransverseCrack 2797.27 1700 2897.17 1800 0.882886
TransverseCrack 2897.17 1700 2997.07 1800 0.815483
TransverseCrack 2997.07 1700 3096.98 1800 0.836186
TransverseCrack 3096.98 1700 3196.88 1800 0.836835
TransverseCrack 3196.88 1700 3296.78 1800 0.67987
TransverseCrack 3296.78 1700 3396.68 1800 0.562098
TransverseCrack 3396.68 1700 3496.59 1800 0.477598
TransverseCrack 3496.59 1700 3596.49 1800 0.6024
TransverseCrack 3596.49 1700 3696.39 1800 0.576368
TransverseCrack 3696.39 1700 3796.29 1800 0.296289
TransverseCrack 2397.66 1800 2497.56 1900 0.560638
TransverseCrack 2497.56 1800 2597.46 1900 0.755398
TransverseCrack 2597.46 1800 2697.37 1900 0.830696
TransverseCrack 2697.37 1800 2797.27 1900 0.915006
TransverseCrack 3196.88 1800 3296.78 1900 0.207027
TransverseCrack 3296.78 1800 3396.68 1900 0.250546
TransverseCrack 3396.68 1800 3496.59 1900 0.373493
TransverseCrack 3496.59 1800 3596.49 1900 0.374364
TransverseCrack 3596.49 1800 3696.39 1900 0.191852
TransverseCrack 3696.39 1800 3796.29 1900 0.134837
