LongitudinalCrack 1498.54 0 1598.44 100 0.609925
LongitudinalCrack 1598.44 0 1698.34 100 0.950772
LongitudinalCrack 1698.34 0 1798.24 100 0.209652
LongitudinalCrack 1798.24 0 1898.15 100 0.162793
LongitudinalCrack 1598.44 100 1698.34 200 0.98644
LongitudinalCrack 1698.34 100 1798.24 200 0.321765
LongitudinalCrack 1598.44 200 1698.34 300 0.988489
LongitudinalCrack 1698.34 200 1798.24 300 0.385726
LongitudinalCrack 1798.24 200 1898.15 300 0.167438
LongitudinalCrack 1598.44 300 1698.34 400 0.972848
LongitudinalCrack 1698.34 300 1798.24 400 0.150443
LongitudinalCrack 1798.24 300 1898.15 400 0.238457
LongitudinalCrack 1598.44 400 1698.34 500 0.95041
LongitudinalCrack 1798.24 400 1898.15 500 0.117522
LongitudinalCrack 1598.44 500 1698.34 600 0.956684
LongitudinalCrack 1798.24 500 1898.15 600 0.141212
LongitudinalCrack 1598.44 600 1698.34 700 0.948028
LongitudinalCrack 1798.24 600 1898.15 700 0.11702
LongitudinalCrack 1598.44 700 1698.34 800 0.903546
LongitudinalCrack 1798.24 700 1898.15 800 0.129622
LongitudinalCrack 1898.15 700 1998.05 800 0.130056
LongitudinalCrack 1498.54 800 1598.44 900 0.244855
LongitudinalCrack 1598.44 800 1698.34 900 0.885467
LongitudinalCrack 1798.24 800 1898.15 900 0.240562
LongitudinalCrack 1598.44 900 1698.34 1000 0.955742
LongitudinalCrack 1698.34 900 1798.24 1000 0.127671
LongitudinalCrack 1798.24 900 1898.15 1000 0.151862
LongitudinalCrack 1598.44 1000 1698.34 1100 0.970231
LongitudinalCrack 1698.34 1000 1798.24 1100 0.103017
LongitudinalCrack 1598.44 1100 1698.34 1200 0.983659
LongitudinalCrack 1598.44 1200 1698.34 1300 0.987032
LongitudinalCrack 1598.44 1300 1698.34 1400 0.990858
LongitudinalCrack 1598.44 1400 1698.34 1500 0.990155
LongitudinalCrack 1598.44 1500 1698.34 1600 0.97484
LongitudinalCrack 1498.54 1600 1598.44 1700 0.530434
LongitudinalCrack 1598.44 1600 1698.34 1700 0.946678
LongitudinalCrack 1498.54 1700 1598.44 1800 0.877228
LongitudinalCrack 1598.44 1700 1698.34 1800 0.864566
LongitudinalCrack 1498.54 1800 1598.44 1900 0.848721
LongitudinalCrack 1598.44 1800 1698.34 1900 0.869508
LongitudinalCrack 1498.54 1900 1598.44 2000 0.146456
LongitudinalCrack 1598.44 1900 1698.34 2000 0.878574
