AlligatorCrack 499.512 0 599.415 100 0.616487
AlligatorCrack 599.415 0 699.317 100 0.829135
AlligatorCrack 699.317 0 799.219 100 0.815815
AlligatorCrack 799.219 0 899.122 100 0.660208
AlligatorCrack 899.122 0 999.024 100 0.776802
AlligatorCrack 999.024 0 1098.93 100 0.723063
AlligatorCrack 1098.93 0 1198.83 100 0.558764
AlligatorCrack 499.512 100 599.415 200 0.445983
AlligatorCrack 599.415 100 699.317 200 0.755768
AlligatorCrack 699.317 100 799.219 200 0.580235
AlligatorCrack 799.219 100 899.122 200 0.268944
AlligatorCrack 899.122 100 999.024 200 0.299828
AlligatorCrack 499.512 200 599.415 300 0.569112
AlligatorCrack 599.415 200 699.317 300 0.749078
AlligatorCrack 699.317 200 799.219 300 0.633136
AlligatorCrack 799.219 200 899.122 300 0.369041
AlligatorCrack 899.122 200 999.024 300 0.348648
AlligatorCrack 999.024 200 1098.93 300 0.146754
AlligatorCrack 499.512 300 599.415 400 0.522453
AlligatorCrack 599.415 300 699.317 400 0.667967
AlligatorCrack 699.317 300 799.219 400 0.79839
AlligatorCrack 799.219 300 899.122 400 0.705925
AlligatorCrack 899.122 300 999.024 400 0.341573
AlligatorCrack 999.024 300 1098.93 400 0.14627
AlligatorCrack 499.512 400 599.415 500 0.291762
AlligatorCrack 599.415 400 699.317 500 0.677384
AlligatorCrack 699.317 400 799.219 500 0.903408
AlligatorCrack 799.219 400 899.122 500 0.580363
AlligatorCrack 899.122 400 999.024 500 0.13407
AlligatorCrack 999.024 400 1098.93 500 0.135356
AlligatorCrack 499.512 500 599.415 600 0.451399
AlligatorCrack 599.415 500 699.317 600 0.80293
AlligatorCrack 699.317 500 799.219 600 0.458897
AlligatorCrack 799.219 500 899.122 600 0.295643
AlligatorCrack 899.122 500 999.024 600 0.140187
AlligatorCrack 499.512 600 599.415 700 0.640824
AlligatorCrack 599.415 600 699.317 700 0.518739
AlligatorCrack 699.317 600 799.219 700 0.564602
AlligatorCrack 799.219 600 899.122 700 0.650327
AlligatorCrack 899.122 600 999.024 700 0.329096
AlligatorCrack 499.512 700 599.415 800 0.593132
AlligatorCrack 599.415 700 699.317 800 0.321438
AlligatorCrack 699.317 700 799.219 800 0.501941
AlligatorCrack 799.219 700 899.122 800 0.61737
AlligatorCrack 899.122 700 999.024 800 0.328567
AlligatorCrack 499.512 800 599.415 900 0.291979
AlligatorCrack 599.415 800 699.317 900 0.159266
AlligatorCrack 699.317 800 799.219 900 0.363409
AlligatorCrack 799.219 800 899.122 900 0.664425
AlligatorCrack 899.122 800 999.024 900 0.413196
AlligatorCrack 999.024 800 1098.93 900 0.138331
AlligatorCrack 499.512 900 599.415 1000 0.185315
AlligatorCrack 599.415 900 699.317 1000 0.268176
AlligatorCrack 699.317 900 799.219 1000 0.657387
AlligatorCrack 799.219 900 899.122 1000 0.767124
AlligatorCrack 899.122 900 999.024 1000 0.446887
AlligatorCrack 999.024 900 1098.93 1000 0.186844
AlligatorCrack 499.512 1000 599.415 1100 0.106582
AlligatorCrack 599.415 1000 699.317 1100 0.241283
AlligatorCrack 699.317 1000 799.219 1100 0.513705
AlligatorCrack 799.219 1000 899.122 1100 0.790441
AlligatorCrack 899.122 1000 999.024 1100 0.308803
AlligatorCrack 999.024 1000 1098.93 1100 0.351904
AlligatorCrack 599.415 1100 699.317 1200 0.109226
AlligatorCrack 699.317 1100 799.219 1200 0.59636
AlligatorCrack 799.219 1100 899.122 1200 0.8096
AlligatorCrack 899.122 1100 999.024 1200 0.420381
AlligatorCrack 999.024 1100 1098.93 1200 0.317797
AlligatorCrack 1098.93 1100 1198.83 1200 0.182113
AlligatorCrack 599.415 1200 699.317 1300 0.212523
AlligatorCrack 699.317 1200 799.219 1300 0.914764
AlligatorCrack 799.219 1200 899.122 1300 0.458649
AlligatorCrack 899.122 1200 999.024 1300 0.640326
AlligatorCrack 999.024 1200 1098.93 1300 0.419748
AlligatorCrack 1098.93 1200 1198.83 1300 0.338346
AlligatorCrack 599.415 1300 699.317 1400 0.285291
AlligatorCrack 699.317 1300 799.219 1400 0.91487
AlligatorCrack 799.219 1300 899.122 1400 0.556372
AlligatorCrack 899.122 1300 999.024 1400 0.663969
AlligatorCrack 999.024 1300 1098.93 1400 0.576039
AlligatorCrack 1098.93 1300 1198.83 1400 0.31054
AlligatorCrack 499.512 1400 599.415 1500 0.137338
AlligatorCrack 599.415 1400 699.317 1500 0.569133
AlligatorCrack 699.317 1400 799.219 1500 0.690708
AlligatorCrack 799.219 1400 899.122 1500 0.889466
AlligatorCrack 899.122 1400 999.024 1500 0.835062
AlligatorCrack 999.024 1400 1098.93 1500 0.520364
AlligatorCrack 1098.93 1400 1198.83 1500 0.362782
AlligatorCrack 499.512 1500 599.415 1600 0.13001
AlligatorCrack 599.415 1500 699.317 1600 0.587185
AlligatorCrack 699.317 1500 799.219 1600 0.61312
AlligatorCrack 799.219 1500 899.122 1600 0.91315
AlligatorCrack 899.122 1500 999.024 1600 0.568621
AlligatorCrack 999.024 1500 1098.93 1600 0.410154
AlligatorCrack 1098.93 1500 1198.83 1600 0.421288
AlligatorCrack 499.512 1600 599.415 1700 0.118642
AlligatorCrack 599.415 1600 699.317 1700 0.391101
AlligatorCrack 699.317 1600 799.219 1700 0.841964
AlligatorCrack 799.219 1600 899.122 1700 0.690736
AlligatorCrack 899.122 1600 999.024 1700 0.772083
AlligatorCrack 999.024 1600 1098.93 1700 0.534544
AlligatorCrack 1098.93 1600 1198.83 1700 0.357418
AlligatorCrack 499.512 1700 599.415 1800 0.164741
AlligatorCrack 599.415 1700 699.317 1800 0.3523
AlligatorCrack 699.317 1700 799.219 1800 0.880637
AlligatorCrack 799.219 1700 899.122 1800 0.850357
AlligatorCrack 899.122 1700 999.024 1800 0.672053
AlligatorCrack 999.024 1700 1098.93 1800 0.625285
AlligatorCrack 1098.93 1700 1198.83 1800 0.197195
AlligatorCrack 499.512 1800 599.415 1900 0.303979
AlligatorCrack 599.415 1800 699.317 1900 0.439271
AlligatorCrack 699.317 1800 799.219 1900 0.711196
AlligatorCrack 799.219 1800 899.122 1900 0.911787
AlligatorCrack 899.122 1800 999.024 1900 0.388065
AlligatorCrack 999.024 1800 1098.93 1900 0.655762
AlligatorCrack 1098.93 1800 1198.83 1900 0.302375
AlligatorCrack 499.512 1900 599.415 2000 0.595572
AlligatorCrack 599.415 1900 699.317 2000 0.642386
AlligatorCrack 699.317 1900 799.219 2000 0.835893
AlligatorCrack 799.219 1900 899.122 2000 0.904214
AlligatorCrack 899.122 1900 999.024 2000 0.872635
AlligatorCrack 999.024 1900 1098.93 2000 0.762947
AlligatorCrack 1098.93 1900 1198.83 2000 0.626477
