StripRepair 3096.98 700 3196.88 800 0.628976
StripRepair 3196.88 700 3296.78 800 0.315551
StripRepair 3096.98 800 3196.88 900 0.832124
StripRepair 3196.88 800 3296.78 900 0.649986
StripRepair 3096.98 900 3196.88 1000 0.907555
StripRepair 3196.88 900 3296.78 1000 0.867874
StripRepair 3096.98 1000 3196.88 1100 0.927448
StripRepair 3196.88 1000 3296.78 1100 0.942002
StripRepair 3096.98 1100 3196.88 1200 0.890487
StripRepair 3196.88 1100 3296.78 1200 0.947104
StripRepair 3096.98 1200 3196.88 1300 0.694074
StripRepair 3196.88 1200 3296.78 1300 0.956794
StripRepair 3196.88 1300 3296.78 1400 0.961299
StripRepair 3296.78 1300 3396.68 1400 0.490587
StripRepair 3196.88 1400 3296.78 1500 0.973351
StripRepair 3296.78 1400 3396.68 1500 0.9135
StripRepair 3196.88 1500 3296.78 1600 0.990611
StripRepair 3296.78 1500 3396.68 1600 0.893017
StripRepair 3096.98 1600 3196.88 1700 0.436314
StripRepair 3196.88 1600 3296.78 1700 0.995894
StripRepair 3296.78 1600 3396.68 1700 0.930798
StripRepair 3096.98 1700 3196.88 1800 0.989038
StripRepair 3196.88 1700 3296.78 1800 0.996958
StripRepair 2997.07 1800 3096.98 1900 0.805264
StripRepair 3096.98 1800 3196.88 1900 0.996061
StripRepair 3196.88 1800 3296.78 1900 0.969375
StripRepair 2997.07 1900 3096.98 2000 0.993009
StripRepair 3096.98 1900 3196.88 2000 0.975102
