LongitudinalCrack 799.219 200 899.122 300 0.103449
LongitudinalCrack 899.122 200 999.024 300 0.273522
LongitudinalCrack 699.317 300 799.219 400 0.102749
LongitudinalCrack 799.219 300 899.122 400 0.898027
LongitudinalCrack 899.122 300 999.024 400 0.466074
LongitudinalCrack 699.317 400 799.219 500 0.858627
LongitudinalCrack 799.219 400 899.122 500 0.948256
LongitudinalCrack 599.415 500 699.317 600 0.162721
LongitudinalCrack 699.317 500 799.219 600 0.975555
LongitudinalCrack 599.415 600 699.317 700 0.881795
LongitudinalCrack 699.317 600 799.219 700 0.678095
LongitudinalCrack 599.415 700 699.317 800 0.879918
LongitudinalCrack 699.317 700 799.219 800 0.755425
LongitudinalCrack 599.415 800 699.317 900 0.210437
LongitudinalCrack 699.317 800 799.219 900 0.977109
LongitudinalCrack 599.415 900 699.317 1000 0.313915
LongitudinalCrack 699.317 900 799.219 1000 0.982359
LongitudinalCrack 599.415 1000 699.317 1100 0.284448
LongitudinalCrack 699.317 1000 799.219 1100 0.968193
LongitudinalCrack 599.415 1100 699.317 1200 0.361401
LongitudinalCrack 699.317 1100 799.219 1200 0.949869
LongitudinalCrack 799.219 1100 899.122 1200 0.374193
LongitudinalCrack 599.415 1200 699.317 1300 0.378764
LongitudinalCrack 699.317 1200 799.219 1300 0.951982
LongitudinalCrack 599.415 1300 699.317 1400 0.256721
LongitudinalCrack 699.317 1300 799.219 1400 0.966243
LongitudinalCrack 699.317 1400 799.219 1500 0.982282
LongitudinalCrack 599.415 1500 699.317 1600 0.845264
LongitudinalCrack 699.317 1500 799.219 1600 0.96536
LongitudinalCrack 599.415 1600 699.317 1700 0.979271
LongitudinalCrack 699.317 1600 799.219 1700 0.190733
LongitudinalCrack 499.512 1700 599.415 1800 0.931444
LongitudinalCrack 599.415 1700 699.317 1800 0.91276
LongitudinalCrack 699.317 1700 799.219 1800 0.278311
LongitudinalCrack 499.512 1800 599.415 1900 0.973392
LongitudinalCrack 599.415 1800 699.317 1900 0.537707
LongitudinalCrack 699.317 1800 799.219 1900 0.543617
LongitudinalCrack 399.61 1900 499.512 2000 0.38766
LongitudinalCrack 499.512 1900 599.415 2000 0.964599
LongitudinalCrack 599.415 1900 699.317 2000 0.456948
LongitudinalCrack 699.317 1900 799.219 2000 0.590743
LongitudinalCrack 799.219 1900 899.122 2000 0.193813
