LongitudinalCrack 1598.44 1000 1698.34 1100 0.430001
LongitudinalCrack 1698.34 1000 1798.24 1100 0.494645
LongitudinalCrack 1598.44 1100 1698.34 1200 0.913185
LongitudinalCrack 1698.34 1100 1798.24 1200 0.648497
LongitudinalCrack 1498.54 1200 1598.44 1300 0.100814
LongitudinalCrack 1598.44 1200 1698.34 1300 0.939807
LongitudinalCrack 1498.54 1300 1598.44 1400 0.104614
LongitudinalCrack 1598.44 1300 1698.34 1400 0.939125
LongitudinalCrack 1498.54 1400 1598.44 1500 0.109863
LongitudinalCrack 1598.44 1400 1698.34 1500 0.891773
LongitudinalCrack 1598.44 1500 1698.34 1600 0.926404
LongitudinalCrack 1598.44 1600 1698.34 1700 0.947229
LongitudinalCrack 1498.54 1700 1598.44 1800 0.152541
LongitudinalCrack 1598.44 1700 1698.34 1800 0.952632
LongitudinalCrack 1498.54 1800 1598.44 1900 0.398385
LongitudinalCrack 1598.44 1800 1698.34 1900 0.911961
LongitudinalCrack 1498.54 1900 1598.44 2000 0.235201
LongitudinalCrack 1598.44 1900 1698.34 2000 0.87225
AlligatorCrack 2897.17 0 2997.07 100 0.154308
AlligatorCrack 2997.07 0 3096.98 100 0.26677
AlligatorCrack 3096.98 0 3196.88 100 0.263539
AlligatorCrack 3196.88 0 3296.78 100 0.761309
AlligatorCrack 3296.78 0 3396.68 100 0.571409
AlligatorCrack 3396.68 0 3496.59 100 0.618115
AlligatorCrack 3496.59 0 3596.49 100 0.148094
AlligatorCrack 2997.07 100 3096.98 200 0.370716
AlligatorCrack 3096.98 100 3196.88 200 0.24115
AlligatorCrack 3196.88 100 3296.78 200 0.639618
AlligatorCrack 3296.78 100 3396.68 200 0.808488
AlligatorCrack 3396.68 100 3496.59 200 0.63101
AlligatorCrack 2897.17 200 2997.07 300 0.360038
AlligatorCrack 2997.07 200 3096.98 300 0.443585
AlligatorCrack 3096.98 200 3196.88 300 0.328949
AlligatorCrack 3196.88 200 3296.78 300 0.621498
AlligatorCrack 3296.78 200 3396.68 300 0.790847
AlligatorCrack 3396.68 200 3496.59 300 0.562487
AlligatorCrack 3496.59 200 3596.49 300 0.183149
AlligatorCrack 2897.17 300 2997.07 400 0.212484
AlligatorCrack 2997.07 300 3096.98 400 0.144141
AlligatorCrack 3096.98 300 3196.88 400 0.492206
AlligatorCrack 3196.88 300 3296.78 400 0.590873
AlligatorCrack 3296.78 300 3396.68 400 0.688169
AlligatorCrack 3396.68 300 3496.59 400 0.532678
AlligatorCrack 3496.59 300 3596.49 400 0.214034
AlligatorCrack 2997.07 400 3096.98 500 0.135233
AlligatorCrack 3096.98 400 3196.88 500 0.710877
AlligatorCrack 3196.88 400 3296.78 500 0.426545
AlligatorCrack 3296.78 400 3396.68 500 0.524555
AlligatorCrack 3396.68 400 3496.59 500 0.656417
AlligatorCrack 2997.07 500 3096.98 600 0.106223
AlligatorCrack 3096.98 500 3196.88 600 0.77096
AlligatorCrack 3196.88 500 3296.78 600 0.21496
AlligatorCrack 3296.78 500 3396.68 600 0.473444
AlligatorCrack 3396.68 500 3496.59 600 0.643053
AlligatorCrack 2897.17 600 2997.07 700 0.125493
AlligatorCrack 2997.07 600 3096.98 700 0.161254
AlligatorCrack 3096.98 600 3196.88 700 0.683655
AlligatorCrack 3196.88 600 3296.78 700 0.169312
AlligatorCrack 3296.78 600 3396.68 700 0.581794
AlligatorCrack 3396.68 600 3496.59 700 0.492882
AlligatorCrack 3496.59 600 3596.49 700 0.241392
AlligatorCrack 2997.07 700 3096.98 800 0.137792
AlligatorCrack 3096.98 700 3196.88 800 0.817437
AlligatorCrack 3196.88 700 3296.78 800 0.625328
AlligatorCrack 3296.78 700 3396.68 800 0.590252
AlligatorCrack 3396.68 700 3496.59 800 0.383311
AlligatorCrack 3496.59 700 3596.49 800 0.289871
AlligatorCrack 2997.07 800 3096.98 900 0.195989
AlligatorCrack 3096.98 800 3196.88 900 0.824314
AlligatorCrack 3196.88 800 3296.78 900 0.404831
AlligatorCrack 3296.78 800 3396.68 900 0.393845
AlligatorCrack 3396.68 800 3496.59 900 0.282318
AlligatorCrack 3496.59 800 3596.49 900 0.276765
AlligatorCrack 2997.07 900 3096.98 1000 0.317517
AlligatorCrack 3096.98 900 3196.88 1000 0.780019
AlligatorCrack 3196.88 900 3296.78 1000 0.349774
AlligatorCrack 3296.78 900 3396.68 1000 0.225398
AlligatorCrack 3396.68 900 3496.59 1000 0.306833
AlligatorCrack 3496.59 900 3596.49 1000 0.469043
AlligatorCrack 2997.07 1000 3096.98 1100 0.145636
AlligatorCrack 3096.98 1000 3196.88 1100 0.605363
AlligatorCrack 3196.88 1000 3296.78 1100 0.316809
AlligatorCrack 3296.78 1000 3396.68 1100 0.138603
AlligatorCrack 3396.68 1000 3496.59 1100 0.452446
AlligatorCrack 3496.59 1000 3596.49 1100 0.393551
AlligatorCrack 2997.07 1100 3096.98 1200 0.113888
AlligatorCrack 3096.98 1100 3196.88 1200 0.206782
AlligatorCrack 3196.88 1100 3296.78 1200 0.652391
AlligatorCrack 3296.78 1100 3396.68 1200 0.435673
AlligatorCrack 3396.68 1100 3496.59 1200 0.54412
AlligatorCrack 3496.59 1100 3596.49 1200 0.223381
AlligatorCrack 2997.07 1200 3096.98 1300 0.285522
AlligatorCrack 3096.98 1200 3196.88 1300 0.515936
AlligatorCrack 3196.88 1200 3296.78 1300 0.701209
AlligatorCrack 3296.78 1200 3396.68 1300 0.471178
AlligatorCrack 3396.68 1200 3496.59 1300 0.498044
AlligatorCrack 3496.59 1200 3596.49 1300 0.243784
AlligatorCrack 2897.17 1300 2997.07 1400 0.309901
AlligatorCrack 2997.07 1300 3096.98 1400 0.637063
AlligatorCrack 3096.98 1300 3196.88 1400 0.696696
AlligatorCrack 3196.88 1300 3296.78 1400 0.539134
AlligatorCrack 3296.78 1300 3396.68 1400 0.187969
AlligatorCrack 3396.68 1300 3496.59 1400 0.328974
AlligatorCrack 2897.17 1400 2997.07 1500 0.108821
AlligatorCrack 2997.07 1400 3096.98 1500 0.420819
AlligatorCrack 3096.98 1400 3196.88 1500 0.354325
AlligatorCrack 3196.88 1400 3296.78 1500 0.607131
AlligatorCrack 3296.78 1400 3396.68 1500 0.163349
AlligatorCrack 3396.68 1400 3496.59 1500 0.537262
AlligatorCrack 3496.59 1400 3596.49 1500 0.202118
AlligatorCrack 2897.17 1500 2997.07 1600 0.111365
AlligatorCrack 2997.07 1500 3096.98 1600 0.197423
AlligatorCrack 3096.98 1500 3196.88 1600 0.169742
AlligatorCrack 3196.88 1500 3296.78 1600 0.649149
AlligatorCrack 3296.78 1500 3396.68 1600 0.617989
AlligatorCrack 3396.68 1500 3496.59 1600 0.558855
AlligatorCrack 3496.59 1500 3596.49 1600 0.130846
AlligatorCrack 2997.07 1600 3096.98 1700 0.26152
AlligatorCrack 3096.98 1600 3196.88 1700 0.812957
AlligatorCrack 3196.88 1600 3296.78 1700 0.836596
AlligatorCrack 3296.78 1600 3396.68 1700 0.398585
AlligatorCrack 3396.68 1600 3496.59 1700 0.428258
AlligatorCrack 3496.59 1600 3596.49 1700 0.15035
AlligatorCrack 2997.07 1700 3096.98 1800 0.149448
AlligatorCrack 3096.98 1700 3196.88 1800 0.648557
AlligatorCrack 3196.88 1700 3296.78 1800 0.208818
AlligatorCrack 3296.78 1700 3396.68 1800 0.463677
AlligatorCrack 3396.68 1700 3496.59 1800 0.469822
AlligatorCrack 3496.59 1700 3596.49 1800 0.192447
AlligatorCrack 2997.07 1800 3096.98 1900 0.179581
AlligatorCrack 3096.98 1800 3196.88 1900 0.455802
AlligatorCrack 3296.78 1800 3396.68 1900 0.558515
AlligatorCrack 3396.68 1800 3496.59 1900 0.425388
AlligatorCrack 2897.17 1900 2997.07 2000 0.186424
AlligatorCrack 2997.07 1900 3096.98 2000 0.596443
AlligatorCrack 3096.98 1900 3196.88 2000 0.337144
AlligatorCrack 3296.78 1900 3396.68 2000 0.275116
AlligatorCrack 3396.68 1900 3496.59 2000 0.308767
AlligatorCrack 3496.59 1900 3596.49 2000 0.23766
