StripRepair 2997.07 1300 3096.98 1400 0.175494
StripRepair 3096.98 1300 3196.88 1400 0.994355
StripRepair 3196.88 1300 3296.78 1400 0.975451
StripRepair 2997.07 1400 3096.98 1500 0.694951
StripRepair 3096.98 1400 3196.88 1500 0.996941
StripRepair 3196.88 1400 3296.78 1500 0.451186
StripRepair 2997.07 1500 3096.98 1600 0.991655
StripRepair 3096.98 1500 3196.88 1600 0.996188
StripRepair 3196.88 1500 3296.78 1600 0.223997
StripRepair 2997.07 1600 3096.98 1700 0.996462
StripRepair 3096.98 1600 3196.88 1700 0.943668
StripRepair 2997.07 1700 3096.98 1800 0.996516
StripRepair 3096.98 1700 3196.88 1800 0.498984
StripRepair 2997.07 1800 3096.98 1900 0.99567
StripRepair 3096.98 1800 3196.88 1900 0.514503
StripRepair 2997.07 1900 3096.98 2000 0.99125
StripRepair 3096.98 1900 3196.88 2000 0.799895
