LongitudinalCrack 699.317 0 799.219 100 0.244385
LongitudinalCrack 799.219 0 899.122 100 0.84625
LongitudinalCrack 899.122 0 999.024 100 0.169542
LongitudinalCrack 1498.54 0 1598.44 100 0.903156
LongitudinalCrack 3096.98 0 3196.88 100 0.126559
LongitudinalCrack 3196.88 0 3296.78 100 0.793935
LongitudinalCrack 3296.78 0 3396.68 100 0.244515
LongitudinalCrack 3396.68 0 3496.59 100 0.348159
LongitudinalCrack 3496.59 0 3596.49 100 0.535797
LongitudinalCrack 699.317 100 799.219 200 0.329002
LongitudinalCrack 799.219 100 899.122 200 0.835013
LongitudinalCrack 899.122 100 999.024 200 0.103349
LongitudinalCrack 1398.63 100 1498.54 200 0.141179
LongitudinalCrack 1498.54 100 1598.44 200 0.869211
LongitudinalCrack 3096.98 100 3196.88 200 0.227567
LongitudinalCrack 3196.88 100 3296.78 200 0.774722
LongitudinalCrack 3296.78 100 3396.68 200 0.585748
LongitudinalCrack 3396.68 100 3496.59 200 0.45225
LongitudinalCrack 3496.59 100 3596.49 200 0.622668
LongitudinalCrack 699.317 200 799.219 300 0.506671
LongitudinalCrack 799.219 200 899.122 300 0.922227
LongitudinalCrack 1498.54 200 1598.44 300 0.733262
LongitudinalCrack 1598.44 200 1698.34 300 0.538885
LongitudinalCrack 3196.88 200 3296.78 300 0.571646
LongitudinalCrack 3296.78 200 3396.68 300 0.33806
LongitudinalCrack 3396.68 200 3496.59 300 0.37606
LongitudinalCrack 3496.59 200 3596.49 300 0.716388
LongitudinalCrack 699.317 300 799.219 400 0.753808
LongitudinalCrack 799.219 300 899.122 400 0.879466
LongitudinalCrack 1498.54 300 1598.44 400 0.689985
LongitudinalCrack 1598.44 300 1698.34 400 0.593963
LongitudinalCrack 3196.88 300 3296.78 400 0.729423
LongitudinalCrack 3296.78 300 3396.68 400 0.326976
LongitudinalCrack 3396.68 300 3496.59 400 0.188419
LongitudinalCrack 3496.59 300 3596.49 400 0.810875
LongitudinalCrack 799.219 400 899.122 500 0.967024
LongitudinalCrack 1498.54 400 1598.44 500 0.745198
LongitudinalCrack 1598.44 400 1698.34 500 0.118334
LongitudinalCrack 1698.34 400 1798.24 500 0.153998
LongitudinalCrack 3196.88 400 3296.78 500 0.913258
LongitudinalCrack 3296.78 400 3396.68 500 0.292923
LongitudinalCrack 3396.68 400 3496.59 500 0.242704
LongitudinalCrack 3496.59 400 3596.49 500 0.867137
LongitudinalCrack 799.219 500 899.122 600 0.955483
LongitudinalCrack 899.122 500 999.024 600 0.900754
LongitudinalCrack 1498.54 500 1598.44 600 0.834773
LongitudinalCrack 1598.44 500 1698.34 600 0.181681
LongitudinalCrack 1698.34 500 1798.24 600 0.149874
LongitudinalCrack 3096.98 500 3196.88 600 0.361214
LongitudinalCrack 3196.88 500 3296.78 600 0.837265
LongitudinalCrack 3296.78 500 3396.68 600 0.233927
LongitudinalCrack 3396.68 500 3496.59 600 0.220943
LongitudinalCrack 3496.59 500 3596.49 600 0.86628
LongitudinalCrack 799.219 600 899.122 700 0.289785
LongitudinalCrack 899.122 600 999.024 700 0.822548
LongitudinalCrack 1498.54 600 1598.44 700 0.611741
LongitudinalCrack 1598.44 600 1698.34 700 0.585192
LongitudinalCrack 3096.98 600 3196.88 700 0.607847
LongitudinalCrack 3196.88 600 3296.78 700 0.566028
LongitudinalCrack 3296.78 600 3396.68 700 0.416169
LongitudinalCrack 3396.68 600 3496.59 700 0.5293
LongitudinalCrack 3496.59 600 3596.49 700 0.783053
LongitudinalCrack 1498.54 700 1598.44 800 0.420378
LongitudinalCrack 1598.44 700 1698.34 800 0.340985
LongitudinalCrack 3096.98 700 3196.88 800 0.59827
LongitudinalCrack 3196.88 700 3296.78 800 0.359072
LongitudinalCrack 3296.78 700 3396.68 800 0.501612
LongitudinalCrack 3396.68 700 3496.59 800 0.426185
LongitudinalCrack 3496.59 700 3596.49 800 0.447248
LongitudinalCrack 1498.54 800 1598.44 900 0.129516
LongitudinalCrack 1598.44 800 1698.34 900 0.387488
LongitudinalCrack 1698.34 800 1798.24 900 0.426666
LongitudinalCrack 2997.07 800 3096.98 900 0.132168
LongitudinalCrack 3096.98 800 3196.88 900 0.492817
LongitudinalCrack 3196.88 800 3296.78 900 0.670669
LongitudinalCrack 3296.78 800 3396.68 900 0.616232
LongitudinalCrack 3396.68 800 3496.59 900 0.285961
LongitudinalCrack 3496.59 800 3596.49 900 0.411897
LongitudinalCrack 1498.54 900 1598.44 1000 0.132619
LongitudinalCrack 1598.44 900 1698.34 1000 0.425679
LongitudinalCrack 1698.34 900 1798.24 1000 0.110004
LongitudinalCrack 2997.07 900 3096.98 1000 0.15027
LongitudinalCrack 3096.98 900 3196.88 1000 0.41227
LongitudinalCrack 3196.88 900 3296.78 1000 0.679645
LongitudinalCrack 3296.78 900 3396.68 1000 0.601683
LongitudinalCrack 3396.68 900 3496.59 1000 0.376258
LongitudinalCrack 3496.59 900 3596.49 1000 0.619704
LongitudinalCrack 1498.54 1000 1598.44 1100 0.294916
LongitudinalCrack 1598.44 1000 1698.34 1100 0.318199
LongitudinalCrack 2997.07 1000 3096.98 1100 0.14025
LongitudinalCrack 3096.98 1000 3196.88 1100 0.608928
LongitudinalCrack 3196.88 1000 3296.78 1100 0.560442
LongitudinalCrack 3296.78 1000 3396.68 1100 0.589382
LongitudinalCrack 3396.68 1000 3496.59 1100 0.338775
LongitudinalCrack 3496.59 1000 3596.49 1100 0.748391
LongitudinalCrack 1498.54 1100 1598.44 1200 0.568701
LongitudinalCrack 1598.44 1100 1698.34 1200 0.291633
LongitudinalCrack 2997.07 1100 3096.98 1200 0.134459
LongitudinalCrack 3096.98 1100 3196.88 1200 0.636914
LongitudinalCrack 3196.88 1100 3296.78 1200 0.40868
LongitudinalCrack 3296.78 1100 3396.68 1200 0.508849
LongitudinalCrack 3396.68 1100 3496.59 1200 0.415074
LongitudinalCrack 3496.59 1100 3596.49 1200 0.639621
LongitudinalCrack 1498.54 1200 1598.44 1300 0.290904
LongitudinalCrack 1598.44 1200 1698.34 1300 0.684254
LongitudinalCrack 2997.07 1200 3096.98 1300 0.689248
LongitudinalCrack 3096.98 1200 3196.88 1300 0.534094
LongitudinalCrack 3196.88 1200 3296.78 1300 0.291029
LongitudinalCrack 3296.78 1200 3396.68 1300 0.757807
LongitudinalCrack 3396.68 1200 3496.59 1300 0.837934
LongitudinalCrack 3496.59 1200 3596.49 1300 0.538832
LongitudinalCrack 1598.44 1300 1698.34 1400 0.638478
LongitudinalCrack 2997.07 1300 3096.98 1400 0.81155
LongitudinalCrack 3096.98 1300 3196.88 1400 0.191718
LongitudinalCrack 3196.88 1300 3296.78 1400 0.489106
LongitudinalCrack 3296.78 1300 3396.68 1400 0.921588
LongitudinalCrack 3396.68 1300 3496.59 1400 0.431971
LongitudinalCrack 3496.59 1300 3596.49 1400 0.115282
LongitudinalCrack 1598.44 1400 1698.34 1500 0.696248
LongitudinalCrack 2897.17 1400 2997.07 1500 0.215855
LongitudinalCrack 2997.07 1400 3096.98 1500 0.840452
LongitudinalCrack 3096.98 1400 3196.88 1500 0.355378
LongitudinalCrack 3196.88 1400 3296.78 1500 0.791613
LongitudinalCrack 3296.78 1400 3396.68 1500 0.950437
LongitudinalCrack 3396.68 1400 3496.59 1500 0.224237
LongitudinalCrack 3496.59 1400 3596.49 1500 0.143634
LongitudinalCrack 1598.44 1500 1698.34 1600 0.476666
LongitudinalCrack 2897.17 1500 2997.07 1600 0.267359
LongitudinalCrack 2997.07 1500 3096.98 1600 0.56362
LongitudinalCrack 3096.98 1500 3196.88 1600 0.536081
LongitudinalCrack 3196.88 1500 3296.78 1600 0.872131
LongitudinalCrack 3296.78 1500 3396.68 1600 0.941218
LongitudinalCrack 3396.68 1500 3496.59 1600 0.27406
LongitudinalCrack 3496.59 1500 3596.49 1600 0.125032
LongitudinalCrack 1598.44 1600 1698.34 1700 0.104588
LongitudinalCrack 2897.17 1600 2997.07 1700 0.167052
LongitudinalCrack 2997.07 1600 3096.98 1700 0.194707
LongitudinalCrack 3096.98 1600 3196.88 1700 0.497244
LongitudinalCrack 3196.88 1600 3296.78 1700 0.640953
LongitudinalCrack 3296.78 1600 3396.68 1700 0.746666
LongitudinalCrack 3396.68 1600 3496.59 1700 0.40632
LongitudinalCrack 3496.59 1600 3596.49 1700 0.11953
LongitudinalCrack 2897.17 1700 2997.07 1800 0.173459
LongitudinalCrack 2997.07 1700 3096.98 1800 0.390115
LongitudinalCrack 3096.98 1700 3196.88 1800 0.641759
LongitudinalCrack 3196.88 1700 3296.78 1800 0.457416
LongitudinalCrack 3296.78 1700 3396.68 1800 0.572188
LongitudinalCrack 3396.68 1700 3496.59 1800 0.226202
LongitudinalCrack 3496.59 1700 3596.49 1800 0.138395
LongitudinalCrack 2897.17 1800 2997.07 1900 0.158444
LongitudinalCrack 2997.07 1800 3096.98 1900 0.761115
LongitudinalCrack 3096.98 1800 3196.88 1900 0.664219
LongitudinalCrack 3196.88 1800 3296.78 1900 0.623907
LongitudinalCrack 3296.78 1800 3396.68 1900 0.575632
LongitudinalCrack 3396.68 1800 3496.59 1900 0.106534
LongitudinalCrack 2897.17 1900 2997.07 2000 0.924079
LongitudinalCrack 2997.07 1900 3096.98 2000 0.875374
LongitudinalCrack 3096.98 1900 3196.88 2000 0.625363
LongitudinalCrack 3196.88 1900 3296.78 2000 0.66099
LongitudinalCrack 3296.78 1900 3396.68 2000 0.406769
LongitudinalCrack 3396.68 1900 3496.59 2000 0.104657
LongitudinalCrack 3496.59 1900 3596.49 2000 0.108173
