TransverseCrack 1522.44 183.9 1612 275.85 0.562787
TransverseCrack 1343.33 275.85 1432.89 367.8 0.147876
TransverseCrack 1432.89 275.85 1522.44 367.8 0.959672
TransverseCrack 1522.44 275.85 1612 367.8 0.345852
TransverseCrack 895.556 367.8 985.111 459.75 0.408462
TransverseCrack 985.111 367.8 1074.67 459.75 0.494393
TransverseCrack 1074.67 367.8 1164.22 459.75 0.166559
TransverseCrack 1164.22 367.8 1253.78 459.75 0.947138
TransverseCrack 1253.78 367.8 1343.33 459.75 0.963184
TransverseCrack 1343.33 367.8 1432.89 459.75 0.936255
TransverseCrack 806 459.75 895.556 551.7 0.111948
TransverseCrack 1074.67 459.75 1164.22 551.7 0.430499
TransverseCrack 1164.22 459.75 1253.78 551.7 0.180825
StripRepair 1522.44 1195.35 1612 1287.3 0.112392
StripRepair 1432.89 1287.3 1522.44 1379.25 0.119447
StripRepair 1522.44 1287.3 1612 1379.25 0.990792
TransverseCrack 358.222 1379.25 447.778 1471.2 0.128228
StripRepair 447.778 1379.25 537.333 1471.2 0.977755
StripRepair 537.333 1379.25 626.889 1471.2 0.975375
StripRepair 626.889 1379.25 716.444 1471.2 0.998296
StripRepair 716.444 1379.25 806 1471.2 0.998421
StripRepair 806 1379.25 895.556 1471.2 0.996721
StripRepair 895.556 1379.25 985.111 1471.2 0.995384
StripRepair 985.111 1379.25 1074.67 1471.2 0.993913
StripRepair 1074.67 1379.25 1164.22 1471.2 0.965475
StripRepair 1164.22 1379.25 1253.78 1471.2 0.428893
StripRepair 1253.78 1379.25 1343.33 1471.2 0.977684
StripRepair 1343.33 1379.25 1432.89 1471.2 0.998686
StripRepair 1432.89 1379.25 1522.44 1471.2 0.997219
StripRepair 1522.44 1379.25 1612 1471.2 0.929755
TransverseCrack 0 1471.2 89.5556 1563.15 0.73393
TransverseCrack 89.5556 1471.2 179.111 1563.15 0.86297
TransverseCrack 179.111 1471.2 268.667 1563.15 0.870521
TransverseCrack 268.667 1471.2 358.222 1563.15 0.83644
TransverseCrack 358.222 1471.2 447.778 1563.15 0.574211
StripRepair 716.444 1471.2 806 1563.15 0.364026
StripRepair 1074.67 1471.2 1164.22 1563.15 0.941794
StripRepair 1164.22 1471.2 1253.78 1563.15 0.9899
StripRepair 1253.78 1471.2 1343.33 1563.15 0.992116
StripRepair 1343.33 1471.2 1432.89 1563.15 0.621198
LongitudinalCrack 626.889 91.95 716.444 183.9 0.188514
LongitudinalCrack 626.889 183.9 716.444 275.85 0.500278
LongitudinalCrack 716.444 183.9 806 275.85 0.139717
LongitudinalCrack 626.889 275.85 716.444 367.8 0.101454
LongitudinalCrack 716.444 275.85 806 367.8 0.707551
LongitudinalCrack 716.444 367.8 806 459.75 0.798066
LongitudinalCrack 626.889 459.75 716.444 551.7 0.241699
LongitudinalCrack 716.444 459.75 806 551.7 0.380872
LongitudinalCrack 806 459.75 895.556 551.7 0.111948
LongitudinalCrack 537.333 551.7 626.889 643.65 0.40351
LongitudinalCrack 626.889 551.7 716.444 643.65 0.717533
LongitudinalCrack 716.444 551.7 806 643.65 0.241879
LongitudinalCrack 537.333 643.65 626.889 735.6 0.843221
LongitudinalCrack 537.333 735.6 626.889 827.55 0.813975
LongitudinalCrack 537.333 827.55 626.889 919.5 0.419539
LongitudinalCrack 537.333 1471.2 626.889 1563.15 0.111511
