StripRepair 1343.33 827.55 1432.89 919.5 0.870553
StripRepair 1432.89 827.55 1522.44 919.5 0.996369
StripRepair 1522.44 827.55 1612 919.5 0.996813
StripRepair 447.778 919.5 537.333 1011.45 0.993841
StripRepair 537.333 919.5 626.889 1011.45 0.999343
StripRepair 626.889 919.5 716.444 1011.45 0.999531
StripRepair 716.444 919.5 806 1011.45 0.999718
StripRepair 806 919.5 895.556 1011.45 0.999548
StripRepair 895.556 919.5 985.111 1011.45 0.99948
StripRepair 985.111 919.5 1074.67 1011.45 0.999306
StripRepair 1074.67 919.5 1164.22 1011.45 0.999117
StripRepair 1164.22 919.5 1253.78 1011.45 0.999303
StripRepair 1253.78 919.5 1343.33 1011.45 0.99943
StripRepair 1343.33 919.5 1432.89 1011.45 0.999357
StripRepair 1432.89 919.5 1522.44 1011.45 0.947305
StripRepair 1522.44 919.5 1612 1011.45 0.17895
StripRepair 358.222 1011.45 447.778 1103.4 0.968248
StripRepair 447.778 1011.45 537.333 1103.4 0.998227
StripRepair 89.5556 1103.4 179.111 1195.35 0.741
StripRepair 179.111 1103.4 268.667 1195.35 0.997256
StripRepair 268.667 1103.4 358.222 1195.35 0.999079
StripRepair 358.222 1103.4 447.778 1195.35 0.997541
StripRepair 447.778 1103.4 537.333 1195.35 0.138321
StripRepair 0 1195.35 89.5556 1287.3 0.998256
StripRepair 89.5556 1195.35 179.111 1287.3 0.999663
StripRepair 179.111 1195.35 268.667 1287.3 0.996248
StripRepair 268.667 1195.35 358.222 1287.3 0.654623
StripRepair 0 1287.3 89.5556 1379.25 0.800899
