StripRepair 1522.44 551.7 1612 643.65 0.181754
StripRepair 985.111 643.65 1074.67 735.6 0.958775
StripRepair 1074.67 643.65 1164.22 735.6 0.99146
StripRepair 1164.22 643.65 1253.78 735.6 0.992461
StripRepair 1253.78 643.65 1343.33 735.6 0.98467
StripRepair 1343.33 643.65 1432.89 735.6 0.94058
StripRepair 1432.89 643.65 1522.44 735.6 0.893483
StripRepair 1522.44 643.65 1612 735.6 0.713107
StripRepair 0 735.6 89.5556 827.55 0.609915
StripRepair 89.5556 735.6 179.111 827.55 0.87387
StripRepair 179.111 735.6 268.667 827.55 0.933331
StripRepair 268.667 735.6 358.222 827.55 0.910878
StripRepair 358.222 735.6 447.778 827.55 0.728943
StripRepair 447.778 735.6 537.333 827.55 0.717512
StripRepair 537.333 735.6 626.889 827.55 0.805017
StripRepair 626.889 735.6 716.444 827.55 0.926383
StripRepair 716.444 735.6 806 827.55 0.953517
StripRepair 806 735.6 895.556 827.55 0.961941
StripRepair 895.556 735.6 985.111 827.55 0.993168
StripRepair 985.111 735.6 1074.67 827.55 0.982233
StripRepair 1074.67 735.6 1164.22 827.55 0.49581
AlligatorCrack 0 827.55 89.5556 919.5 0.698673
AlligatorCrack 89.5556 827.55 179.111 919.5 0.646563
AlligatorCrack 179.111 827.55 268.667 919.5 0.208694
AlligatorCrack 447.778 827.55 537.333 919.5 0.130465
AlligatorCrack 537.333 827.55 626.889 919.5 0.310897
AlligatorCrack 179.111 919.5 268.667 1011.45 0.732672
AlligatorCrack 268.667 919.5 358.222 1011.45 0.22012
AlligatorCrack 447.778 919.5 537.333 1011.45 0.173389
AlligatorCrack 537.333 919.5 626.889 1011.45 0.480497
AlligatorCrack 1074.67 919.5 1164.22 1011.45 0.238855
AlligatorCrack 268.667 1011.45 358.222 1103.4 0.618543
AlligatorCrack 358.222 1011.45 447.778 1103.4 0.162295
AlligatorCrack 447.778 1011.45 537.333 1103.4 0.162816
AlligatorCrack 806 1011.45 895.556 1103.4 0.121483
AlligatorCrack 895.556 1011.45 985.111 1103.4 0.386927
AlligatorCrack 985.111 1011.45 1074.67 1103.4 0.808999
AlligatorCrack 1074.67 1011.45 1164.22 1103.4 0.38633
AlligatorCrack 806 1103.4 895.556 1195.35 0.256142
AlligatorCrack 895.556 1103.4 985.111 1195.35 0.228574
AlligatorCrack 985.111 1103.4 1074.67 1195.35 0.706963
AlligatorCrack 716.444 1195.35 806 1287.3 0.684128
AlligatorCrack 895.556 1195.35 985.111 1287.3 0.335347
AlligatorCrack 447.778 1287.3 537.333 1379.25 0.273375
AlligatorCrack 537.333 1287.3 626.889 1379.25 0.526075
AlligatorCrack 626.889 1287.3 716.444 1379.25 0.396184
AlligatorCrack 716.444 1287.3 806 1379.25 0.500797
AlligatorCrack 447.778 1379.25 537.333 1471.2 0.361491
AlligatorCrack 447.778 1471.2 537.333 1563.15 0.169663
