TransverseCrack 0 367.8 80.6 459.75 0.478552
TransverseCrack 80.6 367.8 161.2 459.75 0.287723
TransverseCrack 161.2 367.8 241.8 459.75 0.45266
TransverseCrack 241.8 367.8 322.4 459.75 0.299219
TransverseCrack 806 367.8 886.6 459.75 0.820045
TransverseCrack 886.6 367.8 967.2 459.75 0.873107
TransverseCrack 967.2 367.8 1047.8 459.75 0.691637
TransverseCrack 322.4 459.75 403 551.7 0.634486
TransverseCrack 403 459.75 483.6 551.7 0.757483
TransverseCrack 483.6 459.75 564.2 551.7 0.388726
TransverseCrack 564.2 459.75 644.8 551.7 0.518328
TransverseCrack 644.8 459.75 725.4 551.7 0.549637
TransverseCrack 725.4 459.75 806 551.7 0.683759
TransverseCrack 806 459.75 886.6 551.7 0.359881
TransverseCrack 886.6 459.75 967.2 551.7 0.402305
TransverseCrack 564.2 551.7 644.8 643.65 0.746643
TransverseCrack 644.8 551.7 725.4 643.65 0.882099
TransverseCrack 725.4 551.7 806 643.65 0.756588
TransverseCrack 806 551.7 886.6 643.65 0.652127
TransverseCrack 967.2 551.7 1047.8 643.65 0.424528
TransverseCrack 1047.8 551.7 1128.4 643.65 0.350448
TransverseCrack 886.6 735.6 967.2 827.55 0.589416
TransverseCrack 967.2 735.6 1047.8 827.55 0.482752
TransverseCrack 1047.8 735.6 1128.4 827.55 0.357069
TransverseCrack 0 827.55 80.6 919.5 0.446891
TransverseCrack 80.6 827.55 161.2 919.5 0.829586
TransverseCrack 161.2 827.55 241.8 919.5 0.378293
TransverseCrack 241.8 827.55 322.4 919.5 0.780072
TransverseCrack 322.4 827.55 403 919.5 0.859833
TransverseCrack 403 827.55 483.6 919.5 0.586471
TransverseCrack 483.6 827.55 564.2 919.5 0.584408
TransverseCrack 564.2 827.55 644.8 919.5 0.783065
TransverseCrack 644.8 827.55 725.4 919.5 0.804485
TransverseCrack 725.4 827.55 806 919.5 0.701282
TransverseCrack 806 827.55 886.6 919.5 0.724555
TransverseCrack 886.6 827.55 967.2 919.5 0.724586
TransverseCrack 967.2 827.55 1047.8 919.5 0.654035
TransverseCrack 1047.8 827.55 1128.4 919.5 0.263196
TransverseCrack 1128.4 827.55 1209 919.5 0.250993
TransverseCrack 0 919.5 80.6 1011.45 0.783068
TransverseCrack 161.2 919.5 241.8 1011.45 0.591479
TransverseCrack 564.2 919.5 644.8 1011.45 0.842797
TransverseCrack 644.8 919.5 725.4 1011.45 0.89498
TransverseCrack 161.2 1011.45 241.8 1103.4 0.908978
TransverseCrack 241.8 1011.45 322.4 1103.4 0.9865
TransverseCrack 322.4 1011.45 403 1103.4 0.983799
TransverseCrack 403 1011.45 483.6 1103.4 0.901637
TransverseCrack 483.6 1011.45 564.2 1103.4 0.867792
TransverseCrack 564.2 1011.45 644.8 1103.4 0.483005
TransverseCrack 725.4 1011.45 806 1103.4 0.619185
TransverseCrack 0 1103.4 80.6 1195.35 0.741998
TransverseCrack 80.6 1103.4 161.2 1195.35 0.848452
TransverseCrack 161.2 1103.4 241.8 1195.35 0.932359
TransverseCrack 483.6 1103.4 564.2 1195.35 0.287054
TransverseCrack 0 1195.35 80.6 1287.3 0.672684
TransverseCrack 161.2 1195.35 241.8 1287.3 0.657588
TransverseCrack 241.8 1195.35 322.4 1287.3 0.702008
TransverseCrack 322.4 1195.35 403 1287.3 0.930654
TransverseCrack 403 1195.35 483.6 1287.3 0.9038
TransverseCrack 483.6 1195.35 564.2 1287.3 0.561524
TransverseCrack 0 1287.3 80.6 1379.25 0.776884
TransverseCrack 0 1379.25 80.6 1471.2 0.87256
TransverseCrack 0 1471.2 80.6 1563.15 0.735174
TransverseCrack 161.2 1471.2 241.8 1563.15 0.314729
