StripRepair 0 459.75 80.6 551.7 0.967481
StripRepair 80.6 459.75 161.2 551.7 0.922724
StripRepair 0 551.7 80.6 643.65 0.349502
StripRepair 80.6 551.7 161.2 643.65 0.873966
StripRepair 161.2 551.7 241.8 643.65 0.788921
StripRepair 241.8 551.7 322.4 643.65 0.852685
StripRepair 322.4 551.7 403 643.65 0.854462
StripRepair 403 551.7 483.6 643.65 0.806011
StripRepair 483.6 551.7 564.2 643.65 0.862277
StripRepair 564.2 551.7 644.8 643.65 0.888799
StripRepair 644.8 551.7 725.4 643.65 0.580721
StripRepair 483.6 643.65 564.2 735.6 0.271086
StripRepair 564.2 643.65 644.8 735.6 0.800635
StripRepair 644.8 643.65 725.4 735.6 0.957138
StripRepair 725.4 643.65 806 735.6 0.982631
StripRepair 806 643.65 886.6 735.6 0.995399
StripRepair 886.6 643.65 967.2 735.6 0.706662
StripRepair 967.2 643.65 1047.8 735.6 0.268973
StripRepair 806 735.6 886.6 827.55 0.913324
StripRepair 886.6 735.6 967.2 827.55 0.764134
TransverseCrack 1047.8 1011.45 1128.4 1103.4 0.404367
TransverseCrack 1128.4 1011.45 1209 1103.4 0.821355
TransverseCrack 1209 1011.45 1289.6 1103.4 0.918736
TransverseCrack 1289.6 1011.45 1370.2 1103.4 0.845864
TransverseCrack 1370.2 1011.45 1450.8 1103.4 0.624279
