StripRepair 1370.2 827.55 1450.8 919.5 0.949331
StripRepair 1450.8 827.55 1531.4 919.5 0.996186
StripRepair 1531.4 827.55 1612 919.5 0.997331
StripRepair 483.6 919.5 564.2 1011.45 0.997835
StripRepair 564.2 919.5 644.8 1011.45 0.999215
StripRepair 644.8 919.5 725.4 1011.45 0.99967
StripRepair 725.4 919.5 806 1011.45 0.999781
StripRepair 806 919.5 886.6 1011.45 0.999651
StripRepair 886.6 919.5 967.2 1011.45 0.99944
StripRepair 967.2 919.5 1047.8 1011.45 0.9996
StripRepair 1047.8 919.5 1128.4 1011.45 0.999014
StripRepair 1128.4 919.5 1209 1011.45 0.99926
StripRepair 1209 919.5 1289.6 1011.45 0.999509
StripRepair 1289.6 919.5 1370.2 1011.45 0.999479
StripRepair 1370.2 919.5 1450.8 1011.45 0.998452
StripRepair 1450.8 919.5 1531.4 1011.45 0.816852
StripRepair 403 1011.45 483.6 1103.4 0.993171
StripRepair 483.6 1011.45 564.2 1103.4 0.971282
StripRepair 161.2 1103.4 241.8 1195.35 0.994013
StripRepair 241.8 1103.4 322.4 1195.35 0.998531
StripRepair 322.4 1103.4 403 1195.35 0.998911
StripRepair 403 1103.4 483.6 1195.35 0.98298
StripRepair 0 1195.35 80.6 1287.3 0.998106
StripRepair 80.6 1195.35 161.2 1287.3 0.999623
StripRepair 161.2 1195.35 241.8 1287.3 0.998647
StripRepair 241.8 1195.35 322.4 1287.3 0.948745
StripRepair 0 1287.3 80.6 1379.25 0.779236
