StripRepair 967.2 643.65 1047.8 735.6 0.875271
StripRepair 1047.8 643.65 1128.4 735.6 0.989056
StripRepair 1128.4 643.65 1209 735.6 0.988721
StripRepair 1209 643.65 1289.6 735.6 0.984948
StripRepair 1289.6 643.65 1370.2 735.6 0.975255
StripRepair 1370.2 643.65 1450.8 735.6 0.915773
StripRepair 1450.8 643.65 1531.4 735.6 0.873231
StripRepair 1531.4 643.65 1612 735.6 0.761805
StripRepair 0 735.6 80.6 827.55 0.726474
StripRepair 80.6 735.6 161.2 827.55 0.873842
StripRepair 161.2 735.6 241.8 827.55 0.919331
StripRepair 241.8 735.6 322.4 827.55 0.856586
StripRepair 322.4 735.6 403 827.55 0.8714
StripRepair 403 735.6 483.6 827.55 0.814838
StripRepair 483.6 735.6 564.2 827.55 0.897552
StripRepair 564.2 735.6 644.8 827.55 0.929601
StripRepair 644.8 735.6 725.4 827.55 0.965698
StripRepair 725.4 735.6 806 827.55 0.951176
StripRepair 806 735.6 886.6 827.55 0.930082
StripRepair 886.6 735.6 967.2 827.55 0.989542
StripRepair 967.2 735.6 1047.8 827.55 0.986169
StripRepair 1047.8 735.6 1128.4 827.55 0.821165
TransverseCrack 0 827.55 80.6 919.5 0.619644
TransverseCrack 80.6 827.55 161.2 919.5 0.709188
TransverseCrack 161.2 827.55 241.8 919.5 0.590292
TransverseCrack 161.2 919.5 241.8 1011.45 0.79616
TransverseCrack 241.8 919.5 322.4 1011.45 0.772382
TransverseCrack 483.6 919.5 564.2 1011.45 0.47182
TransverseCrack 1047.8 919.5 1128.4 1011.45 0.32653
TransverseCrack 241.8 1011.45 322.4 1103.4 0.276906
TransverseCrack 322.4 1011.45 403 1103.4 0.381854
TransverseCrack 967.2 1011.45 1047.8 1103.4 0.613189
TransverseCrack 1047.8 1011.45 1128.4 1103.4 0.663564
TransverseCrack 806 1103.4 886.6 1195.35 0.31457
TransverseCrack 967.2 1103.4 1047.8 1195.35 0.637235
TransverseCrack 725.4 1195.35 806 1287.3 0.746582
TransverseCrack 483.6 1287.3 564.2 1379.25 0.363524
TransverseCrack 564.2 1287.3 644.8 1379.25 0.352367
TransverseCrack 644.8 1287.3 725.4 1379.25 0.437095
TransverseCrack 725.4 1287.3 806 1379.25 0.647533
TransverseCrack 483.6 1379.25 564.2 1471.2 0.26568
