TransverseCrack 886.6 643.65 967.2 735.6 0.363385
TransverseCrack 886.6 735.6 967.2 827.55 0.425875
TransverseCrack 886.6 827.55 967.2 919.5 0.79652
TransverseCrack 886.6 919.5 967.2 1011.45 0.889187
TransverseCrack 806 1011.45 886.6 1103.4 0.313614
TransverseCrack 886.6 1011.45 967.2 1103.4 0.757439
TransverseCrack 806 1103.4 886.6 1195.35 0.84942
TransverseCrack 806 1195.35 886.6 1287.3 0.742755
TransverseCrack 806 1287.3 886.6 1379.25 0.405712
StripRepair 0 1471.2 80.6 1563.15 0.777181
TransverseCrack 886.6 1471.2 967.2 1563.15 0.262832
StripRepair 0 1563.15 80.6 1655.1 0.997143
StripRepair 80.6 1563.15 161.2 1655.1 0.999388
StripRepair 161.2 1563.15 241.8 1655.1 0.990909
TransverseCrack 806 1563.15 886.6 1655.1 0.254072
StripRepair 80.6 1655.1 161.2 1747.05 0.373669
StripRepair 161.2 1655.1 241.8 1747.05 0.995883
StripRepair 241.8 1655.1 322.4 1747.05 0.998291
StripRepair 322.4 1655.1 403 1747.05 0.995565
StripRepair 403 1655.1 483.6 1747.05 0.992909
StripRepair 483.6 1655.1 564.2 1747.05 0.857834
StripRepair 322.4 1747.05 403 1839 0.929032
StripRepair 403 1747.05 483.6 1839 0.988471
StripRepair 483.6 1747.05 564.2 1839 0.998675
StripRepair 564.2 1747.05 644.8 1839 0.9987
StripRepair 644.8 1747.05 725.4 1839 0.997258
StripRepair 725.4 1747.05 806 1839 0.988595
StripRepair 806 1747.05 886.6 1839 0.97988
StripRepair 886.6 1747.05 967.2 1839 0.882777
