TransverseCrack 1531.4 183.9 1612 275.85 0.557168
TransverseCrack 1370.2 275.85 1450.8 367.8 0.822811
TransverseCrack 1450.8 275.85 1531.4 367.8 0.914602
TransverseCrack 1531.4 275.85 1612 367.8 0.348471
TransverseCrack 886.6 367.8 967.2 459.75 0.320882
TransverseCrack 967.2 367.8 1047.8 459.75 0.536551
TransverseCrack 1047.8 367.8 1128.4 459.75 0.292172
TransverseCrack 1128.4 367.8 1209 459.75 0.467317
TransverseCrack 1209 367.8 1289.6 459.75 0.978715
TransverseCrack 1289.6 367.8 1370.2 459.75 0.963633
TransverseCrack 1370.2 367.8 1450.8 459.75 0.91214
TransverseCrack 806 459.75 886.6 551.7 0.126047
TransverseCrack 1047.8 459.75 1128.4 551.7 0.110994
TransverseCrack 1128.4 459.75 1209 551.7 0.622565
StripRepair 1450.8 1287.3 1531.4 1379.25 0.322256
StripRepair 1531.4 1287.3 1612 1379.25 0.992939
StripRepair 483.6 1379.25 564.2 1471.2 0.994488
StripRepair 564.2 1379.25 644.8 1471.2 0.976224
StripRepair 644.8 1379.25 725.4 1471.2 0.998408
StripRepair 725.4 1379.25 806 1471.2 0.998118
StripRepair 806 1379.25 886.6 1471.2 0.9961
StripRepair 886.6 1379.25 967.2 1471.2 0.997024
StripRepair 967.2 1379.25 1047.8 1471.2 0.996672
StripRepair 1047.8 1379.25 1128.4 1471.2 0.99109
StripRepair 1128.4 1379.25 1209 1471.2 0.711092
StripRepair 1209 1379.25 1289.6 1471.2 0.753604
StripRepair 1289.6 1379.25 1370.2 1471.2 0.997718
StripRepair 1370.2 1379.25 1450.8 1471.2 0.999321
StripRepair 1450.8 1379.25 1531.4 1471.2 0.997959
StripRepair 1531.4 1379.25 1612 1471.2 0.849794
TransverseCrack 0 1471.2 80.6 1563.15 0.725813
TransverseCrack 80.6 1471.2 161.2 1563.15 0.906089
TransverseCrack 161.2 1471.2 241.8 1563.15 0.925681
TransverseCrack 241.8 1471.2 322.4 1563.15 0.828002
TransverseCrack 322.4 1471.2 403 1563.15 0.813248
StripRepair 725.4 1471.2 806 1563.15 0.280415
StripRepair 1047.8 1471.2 1128.4 1563.15 0.433564
StripRepair 1128.4 1471.2 1209 1563.15 0.990567
StripRepair 1209 1471.2 1289.6 1563.15 0.997596
StripRepair 1289.6 1471.2 1370.2 1563.15 0.984248
LongitudinalCrack 644.8 183.9 725.4 275.85 0.440556
LongitudinalCrack 644.8 275.85 725.4 367.8 0.577222
LongitudinalCrack 725.4 275.85 806 367.8 0.128321
LongitudinalCrack 725.4 367.8 806 459.75 0.677347
LongitudinalCrack 644.8 459.75 725.4 551.7 0.212158
LongitudinalCrack 725.4 459.75 806 551.7 0.376519
LongitudinalCrack 806 459.75 886.6 551.7 0.126047
LongitudinalCrack 564.2 551.7 644.8 643.65 0.488231
LongitudinalCrack 644.8 551.7 725.4 643.65 0.554722
LongitudinalCrack 725.4 551.7 806 643.65 0.170313
LongitudinalCrack 483.6 643.65 564.2 735.6 0.206759
LongitudinalCrack 564.2 643.65 644.8 735.6 0.468801
LongitudinalCrack 564.2 735.6 644.8 827.55 0.719238
LongitudinalCrack 564.2 827.55 644.8 919.5 0.345045
LongitudinalCrack 564.2 1471.2 644.8 1563.15 0.187861
