StripRepair 1531.4 367.8 1612 459.75 0.612107
StripRepair 0 459.75 80.6 551.7 0.198553
StripRepair 161.2 459.75 241.8 551.7 0.969074
StripRepair 241.8 459.75 322.4 551.7 0.988113
StripRepair 322.4 459.75 403 551.7 0.954989
StripRepair 403 459.75 483.6 551.7 0.542058
StripRepair 1289.6 459.75 1370.2 551.7 0.295332
StripRepair 1370.2 459.75 1450.8 551.7 0.995334
StripRepair 1450.8 459.75 1531.4 551.7 0.999575
StripRepair 1531.4 459.75 1612 551.7 0.999123
StripRepair 0 551.7 80.6 643.65 0.288512
StripRepair 161.2 551.7 241.8 643.65 0.673272
StripRepair 241.8 551.7 322.4 643.65 0.977238
StripRepair 322.4 551.7 403 643.65 0.997337
StripRepair 403 551.7 483.6 643.65 0.999298
StripRepair 483.6 551.7 564.2 643.65 0.999359
StripRepair 564.2 551.7 644.8 643.65 0.999194
StripRepair 644.8 551.7 725.4 643.65 0.99849
StripRepair 725.4 551.7 806 643.65 0.997039
StripRepair 806 551.7 886.6 643.65 0.99645
StripRepair 886.6 551.7 967.2 643.65 0.991214
StripRepair 967.2 551.7 1047.8 643.65 0.996134
StripRepair 1047.8 551.7 1128.4 643.65 0.997878
StripRepair 1128.4 551.7 1209 643.65 0.988091
StripRepair 1209 551.7 1289.6 643.65 0.99609
StripRepair 1289.6 551.7 1370.2 643.65 0.998757
StripRepair 1370.2 551.7 1450.8 643.65 0.996491
StripRepair 1450.8 551.7 1531.4 643.65 0.101478
StripRepair 0 643.65 80.6 735.6 0.144122
StripRepair 967.2 643.65 1047.8 735.6 0.247362
StripRepair 1047.8 643.65 1128.4 735.6 0.975351
StripRepair 1128.4 643.65 1209 735.6 0.977147
StripRepair 1209 643.65 1289.6 735.6 0.982143
TransverseCrack 241.8 1103.4 322.4 1195.35 0.429714
TransverseCrack 80.6 1195.35 161.2 1287.3 0.207485
TransverseCrack 161.2 1195.35 241.8 1287.3 0.88517
TransverseCrack 241.8 1195.35 322.4 1287.3 0.396473
TransverseCrack 0 1287.3 80.6 1379.25 0.802747
TransverseCrack 80.6 1287.3 161.2 1379.25 0.452041
TransverseCrack 0 1471.2 80.6 1563.15 0.402468
LongitudinalCrack 0 1471.2 80.6 1563.15 0.402468
LongitudinalCrack 0 1563.15 80.6 1655.1 0.222061
LongitudinalCrack 80.6 1563.15 161.2 1655.1 0.828457
LongitudinalCrack 80.6 1655.1 161.2 1747.05 0.860893
LongitudinalCrack 80.6 1747.05 161.2 1839 0.758791
