TransverseCrack 322.4 551.7 403 643.65 0.122267
TransverseCrack 403 551.7 483.6 643.65 0.184557
TransverseCrack 0 643.65 80.6 735.6 0.429515
TransverseCrack 80.6 643.65 161.2 735.6 0.450169
TransverseCrack 161.2 643.65 241.8 735.6 0.457553
TransverseCrack 241.8 643.65 322.4 735.6 0.140876
TransverseCrack 322.4 735.6 403 827.55 0.108918
TransverseCrack 564.2 735.6 644.8 827.55 0.477117
TransverseCrack 644.8 735.6 725.4 827.55 0.506942
TransverseCrack 725.4 735.6 806 827.55 0.561586
TransverseCrack 806 735.6 886.6 827.55 0.169114
TransverseCrack 886.6 735.6 967.2 827.55 0.922048
TransverseCrack 967.2 735.6 1047.8 827.55 0.962515
TransverseCrack 1047.8 735.6 1128.4 827.55 0.930067
TransverseCrack 1128.4 735.6 1209 827.55 0.875539
TransverseCrack 1209 735.6 1289.6 827.55 0.551008
TransverseCrack 1289.6 735.6 1370.2 827.55 0.287261
TransverseCrack 806 827.55 886.6 919.5 0.201985
