LongitudinalCrack 819.2 200 921.6 300 0.612279
LongitudinalCrack 921.6 200 1024 300 0.270827
LongitudinalCrack 819.2 300 921.6 400 0.972891
LongitudinalCrack 716.8 400 819.2 500 0.990332
LongitudinalCrack 819.2 400 921.6 500 0.727028
LongitudinalCrack 614.4 500 716.8 600 0.178235
LongitudinalCrack 716.8 500 819.2 600 0.978085
LongitudinalCrack 614.4 600 716.8 700 0.819452
LongitudinalCrack 716.8 600 819.2 700 0.142018
LongitudinalCrack 614.4 700 716.8 800 0.903995
LongitudinalCrack 716.8 700 819.2 800 0.186786
LongitudinalCrack 614.4 800 716.8 900 0.742401
LongitudinalCrack 716.8 800 819.2 900 0.453885
LongitudinalCrack 614.4 900 716.8 1000 0.800573
LongitudinalCrack 716.8 900 819.2 1000 0.239611
LongitudinalCrack 614.4 1000 716.8 1100 0.155701
LongitudinalCrack 716.8 1000 819.2 1100 0.845597
LongitudinalCrack 716.8 1100 819.2 1200 0.866788
LongitudinalCrack 716.8 1200 819.2 1300 0.971477
LongitudinalCrack 614.4 1300 716.8 1400 0.131941
LongitudinalCrack 716.8 1300 819.2 1400 0.984716
LongitudinalCrack 716.8 1400 819.2 1500 0.992032
LongitudinalCrack 614.4 1500 716.8 1600 0.975056
LongitudinalCrack 716.8 1500 819.2 1600 0.719608
LongitudinalCrack 614.4 1600 716.8 1700 0.989161
LongitudinalCrack 512 1700 614.4 1800 0.541769
LongitudinalCrack 614.4 1700 716.8 1800 0.521553
LongitudinalCrack 512 1800 614.4 1900 0.972847
LongitudinalCrack 409.6 1900 512 2000 0.135458
LongitudinalCrack 512 1900 614.4 2000 0.914743
