LongitudinalCrack 307.2 0 409.6 100 0.18013
LongitudinalCrack 614.4 0 716.8 100 0.144647
LongitudinalCrack 512 700 614.4 800 0.118528
LongitudinalCrack 614.4 700 716.8 800 0.10166
LongitudinalCrack 716.8 700 819.2 800 0.23457
LongitudinalCrack 512 800 614.4 900 0.118897
LongitudinalCrack 614.4 800 716.8 900 0.645676
LongitudinalCrack 614.4 900 716.8 1000 0.620611
LongitudinalCrack 614.4 1000 716.8 1100 0.440535
LongitudinalCrack 409.6 1100 512 1200 0.108191
LongitudinalCrack 614.4 1100 716.8 1200 0.526086
LongitudinalCrack 716.8 1100 819.2 1200 0.134413
LongitudinalCrack 512 1200 614.4 1300 0.336811
LongitudinalCrack 614.4 1200 716.8 1300 0.653747
LongitudinalCrack 716.8 1200 819.2 1300 0.171466
LongitudinalCrack 512 1300 614.4 1400 0.281572
LongitudinalCrack 614.4 1300 716.8 1400 0.622747
LongitudinalCrack 512 1400 614.4 1500 0.853683
LongitudinalCrack 512 1500 614.4 1600 0.808433
LongitudinalCrack 512 1600 614.4 1700 0.461768
LongitudinalCrack 614.4 1600 716.8 1700 0.36523
LongitudinalCrack 512 1700 614.4 1800 0.251588
LongitudinalCrack 614.4 1700 716.8 1800 0.25301
LongitudinalCrack 614.4 1800 716.8 1900 0.330099
LongitudinalCrack 512 1900 614.4 2000 0.199243
LongitudinalCrack 614.4 1900 716.8 2000 0.365463
StripRepair 3072 700 3174.4 800 0.183566
StripRepair 3174.4 700 3276.8 800 0.115414
StripRepair 3174.4 800 3276.8 900 0.352619
StripRepair 3174.4 900 3276.8 1000 0.648552
StripRepair 3072 1000 3174.4 1100 0.117719
StripRepair 3174.4 1000 3276.8 1100 0.373651
StripRepair 3174.4 1100 3276.8 1200 0.523675
StripRepair 3174.4 1200 3276.8 1300 0.779622
StripRepair 3174.4 1300 3276.8 1400 0.622602
StripRepair 3276.8 1300 3379.2 1400 0.258465
StripRepair 3174.4 1400 3276.8 1500 0.448337
StripRepair 3276.8 1400 3379.2 1500 0.803307
StripRepair 3174.4 1500 3276.8 1600 0.957605
StripRepair 3276.8 1500 3379.2 1600 0.947296
StripRepair 3174.4 1600 3276.8 1700 0.995613
StripRepair 3276.8 1600 3379.2 1700 0.984568
StripRepair 3072 1700 3174.4 1800 0.641335
StripRepair 3174.4 1700 3276.8 1800 0.999411
StripRepair 3276.8 1700 3379.2 1800 0.151518
StripRepair 3072 1800 3174.4 1900 0.998877
StripRepair 3174.4 1800 3276.8 1900 0.995633
StripRepair 2969.6 1900 3072 2000 0.991359
StripRepair 3072 1900 3174.4 2000 0.994584
