TransverseCrack 1536 0 1638.4 100 0.821673
TransverseCrack 1536 100 1638.4 200 0.902679
TransverseCrack 1638.4 100 1740.8 200 0.412355
TransverseCrack 1536 200 1638.4 300 0.672191
TransverseCrack 1638.4 200 1740.8 300 0.447901
TransverseCrack 1536 300 1638.4 400 0.768974
TransverseCrack 1536 400 1638.4 500 0.307548
TransverseCrack 1536 500 1638.4 600 0.509548
TransverseCrack 1638.4 500 1740.8 600 0.633303
TransverseCrack 1536 600 1638.4 700 0.446773
TransverseCrack 1638.4 600 1740.8 700 0.542383
TransverseCrack 1536 800 1638.4 900 0.49121
TransverseCrack 1638.4 900 1740.8 1000 0.305101
TransverseCrack 1638.4 1000 1740.8 1100 0.363483
TransverseCrack 1638.4 1100 1740.8 1200 0.818583
TransverseCrack 1638.4 1200 1740.8 1300 0.894125
TransverseCrack 1536 1300 1638.4 1400 0.611718
TransverseCrack 1638.4 1300 1740.8 1400 0.515635
TransverseCrack 1536 1400 1638.4 1500 0.515423
TransverseCrack 1638.4 1400 1740.8 1500 0.516459
TransverseCrack 1536 1500 1638.4 1600 0.253551
TransverseCrack 1638.4 1500 1740.8 1600 0.410357
TransverseCrack 1536 1600 1638.4 1700 0.647794
TransverseCrack 1536 1700 1638.4 1800 0.973301
TransverseCrack 1536 1800 1638.4 1900 0.96547
TransverseCrack 1638.4 1800 1740.8 1900 0.30842
TransverseCrack 1536 1900 1638.4 2000 0.552106
TransverseCrack 1638.4 1900 1740.8 2000 0.69057
TransverseCrack 3174.4 0 3276.8 100 0.417692
TransverseCrack 3174.4 100 3276.8 200 0.389429
TransverseCrack 3174.4 200 3276.8 300 0.528617
TransverseCrack 3174.4 400 3276.8 500 0.435734
TransverseCrack 3174.4 500 3276.8 600 0.598293
TransverseCrack 3174.4 600 3276.8 700 0.419371
TransverseCrack 3174.4 700 3276.8 800 0.722484
TransverseCrack 3174.4 800 3276.8 900 0.674014
TransverseCrack 3174.4 900 3276.8 1000 0.57347
TransverseCrack 3276.8 1000 3379.2 1100 0.396089
TransverseCrack 3276.8 1100 3379.2 1200 0.428442
TransverseCrack 3276.8 1200 3379.2 1300 0.483135
