LongitudinalCrack 1740.8 1000 1843.2 1100 0.142603
LongitudinalCrack 1536 1100 1638.4 1200 0.262762
LongitudinalCrack 1638.4 1100 1740.8 1200 0.632833
LongitudinalCrack 1740.8 1100 1843.2 1200 0.110646
LongitudinalCrack 1536 1200 1638.4 1300 0.663568
LongitudinalCrack 1638.4 1200 1740.8 1300 0.127149
LongitudinalCrack 1536 1300 1638.4 1400 0.736799
LongitudinalCrack 1536 1400 1638.4 1500 0.692516
LongitudinalCrack 1536 1500 1638.4 1600 0.467396
LongitudinalCrack 1638.4 1500 1740.8 1600 0.306274
LongitudinalCrack 1536 1600 1638.4 1700 0.818358
LongitudinalCrack 1638.4 1600 1740.8 1700 0.426416
LongitudinalCrack 1536 1700 1638.4 1800 0.852394
LongitudinalCrack 1638.4 1700 1740.8 1800 0.123179
LongitudinalCrack 1536 1800 1638.4 1900 0.879519
LongitudinalCrack 1536 1900 1638.4 2000 0.838813
