StripRepair 3072 1300 3174.4 1400 0.993496
StripRepair 3174.4 1300 3276.8 1400 0.991322
StripRepair 3072 1400 3174.4 1500 0.99756
StripRepair 3174.4 1400 3276.8 1500 0.524059
StripRepair 2969.6 1500 3072 1600 0.196897
StripRepair 3072 1500 3174.4 1600 0.99857
StripRepair 2969.6 1600 3072 1700 0.992819
StripRepair 3072 1600 3174.4 1700 0.997684
StripRepair 2969.6 1700 3072 1800 0.995542
StripRepair 3072 1700 3174.4 1800 0.288248
StripRepair 2969.6 1800 3072 1900 0.989151
StripRepair 3072 1800 3174.4 1900 0.353696
StripRepair 2969.6 1900 3072 2000 0.978184
StripRepair 3072 1900 3174.4 2000 0.898794
