LongitudinalCrack 614.4 100 716.8 200 0.296967
LongitudinalCrack 921.6 100 1024 200 0.249761
LongitudinalCrack 614.4 200 716.8 300 0.592695
LongitudinalCrack 819.2 200 921.6 300 0.423239
LongitudinalCrack 921.6 200 1024 300 0.411845
LongitudinalCrack 716.8 300 819.2 400 0.754161
LongitudinalCrack 819.2 300 921.6 400 0.73035
LongitudinalCrack 614.4 400 716.8 500 0.539513
LongitudinalCrack 716.8 400 819.2 500 0.863495
LongitudinalCrack 512 500 614.4 600 0.129237
LongitudinalCrack 614.4 500 716.8 600 0.823529
LongitudinalCrack 512 600 614.4 700 0.485929
LongitudinalCrack 716.8 600 819.2 700 0.24892
LongitudinalCrack 512 700 614.4 800 0.19919
LongitudinalCrack 819.2 800 921.6 900 0.204609
LongitudinalCrack 716.8 900 819.2 1000 0.18531
LongitudinalCrack 819.2 900 921.6 1000 0.19346
LongitudinalCrack 716.8 1200 819.2 1300 0.809281
LongitudinalCrack 716.8 1300 819.2 1400 0.819358
LongitudinalCrack 716.8 1400 819.2 1500 0.392652
LongitudinalCrack 819.2 1400 921.6 1500 0.444746
LongitudinalCrack 614.4 1500 716.8 1600 0.128495
LongitudinalCrack 819.2 1500 921.6 1600 0.491794
LongitudinalCrack 716.8 1600 819.2 1700 0.276816
LongitudinalCrack 819.2 1600 921.6 1700 0.142023
LongitudinalCrack 716.8 1700 819.2 1800 0.522526
LongitudinalCrack 819.2 1700 921.6 1800 0.201877
LongitudinalCrack 716.8 1800 819.2 1900 0.119405
LongitudinalCrack 819.2 1800 921.6 1900 0.486784
LongitudinalCrack 512 1900 614.4 2000 0.113582
LongitudinalCrack 716.8 1900 819.2 2000 0.332489
LongitudinalCrack 819.2 1900 921.6 2000 0.367842
