TransverseCrack 716.8 100 819.2 200 0.506482
TransverseCrack 819.2 200 921.6 300 0.603508
TransverseCrack 716.8 300 819.2 400 0.648356
TransverseCrack 819.2 300 921.6 400 0.569075
TransverseCrack 1536 300 1638.4 400 0.63059
TransverseCrack 819.2 400 921.6 500 0.919931
TransverseCrack 1536 400 1638.4 500 0.68345
TransverseCrack 819.2 500 921.6 600 0.91481
TransverseCrack 921.6 500 1024 600 0.364628
TransverseCrack 921.6 600 1024 700 0.738002
TransverseCrack 3174.4 0 3276.8 100 0.437745
TransverseCrack 3174.4 100 3276.8 200 0.463077
TransverseCrack 3276.8 100 3379.2 200 0.307159
TransverseCrack 3481.6 100 3584 200 0.553346
TransverseCrack 3481.6 200 3584 300 0.714865
TransverseCrack 3481.6 300 3584 400 0.718008
TransverseCrack 3174.4 400 3276.8 500 0.786818
TransverseCrack 3276.8 400 3379.2 500 0.564754
TransverseCrack 3481.6 400 3584 500 0.727485
TransverseCrack 3174.4 500 3276.8 600 0.833071
TransverseCrack 3481.6 500 3584 600 0.70147
TransverseCrack 3072 600 3174.4 700 0.493161
TransverseCrack 3174.4 600 3276.8 700 0.731847
TransverseCrack 3379.2 600 3481.6 700 0.30666
TransverseCrack 3481.6 600 3584 700 0.593763
TransverseCrack 3072 700 3174.4 800 0.334529
TransverseCrack 3379.2 700 3481.6 800 0.285842
TransverseCrack 3481.6 700 3584 800 0.305906
TransverseCrack 3276.8 800 3379.2 900 0.409097
TransverseCrack 3481.6 900 3584 1000 0.468958
TransverseCrack 3174.4 1000 3276.8 1100 0.27754
TransverseCrack 3481.6 1000 3584 1100 0.483269
TransverseCrack 3072 1100 3174.4 1200 0.458638
TransverseCrack 3174.4 1100 3276.8 1200 0.255589
TransverseCrack 3481.6 1100 3584 1200 0.657358
TransverseCrack 3072 1200 3174.4 1300 0.683381
TransverseCrack 3379.2 1200 3481.6 1300 0.565624
TransverseCrack 3481.6 1200 3584 1300 0.390661
TransverseCrack 2969.6 1300 3072 1400 0.525623
TransverseCrack 3072 1300 3174.4 1400 0.44046
TransverseCrack 3276.8 1300 3379.2 1400 0.864095
TransverseCrack 2969.6 1400 3072 1500 0.519509
TransverseCrack 3276.8 1400 3379.2 1500 0.851719
TransverseCrack 3174.4 1500 3276.8 1600 0.288008
TransverseCrack 3276.8 1500 3379.2 1600 0.69479
