TransverseCrack 1126.4 819.2 1228.8 921.6 0.422514
StripRepair 102.4 921.6 204.8 1024 0.945216
StripRepair 204.8 921.6 307.2 1024 0.99882
StripRepair 307.2 921.6 409.6 1024 0.999471
StripRepair 409.6 921.6 512 1024 0.999527
StripRepair 512 921.6 614.4 1024 0.999264
StripRepair 614.4 921.6 716.8 1024 0.997158
StripRepair 716.8 921.6 819.2 1024 0.971377
StripRepair 819.2 921.6 921.6 1024 0.228458
StripRepair 0 1024 102.4 1126.4 0.98014
StripRepair 102.4 1024 204.8 1126.4 0.99864
StripRepair 204.8 1024 307.2 1126.4 0.814378
StripRepair 614.4 1024 716.8 1126.4 0.733694
StripRepair 716.8 1024 819.2 1126.4 0.995932
StripRepair 819.2 1024 921.6 1126.4 0.998441
StripRepair 921.6 1024 1024 1126.4 0.999314
StripRepair 1024 1024 1126.4 1126.4 0.998063
StripRepair 1126.4 1024 1228.8 1126.4 0.797112
StripRepair 0 1126.4 102.4 1228.8 0.996903
StripRepair 102.4 1126.4 204.8 1228.8 0.132207
StripRepair 1024 1126.4 1126.4 1228.8 0.978682
StripRepair 1126.4 1126.4 1228.8 1228.8 0.998545
StripRepair 1228.8 1126.4 1331.2 1228.8 0.997976
StripRepair 1331.2 1126.4 1433.6 1228.8 0.940771
StripRepair 1228.8 1228.8 1331.2 1331.2 0.882355
StripRepair 1331.2 1228.8 1433.6 1331.2 0.996556
StripRepair 1433.6 1228.8 1536 1331.2 0.998691
StripRepair 1536 1228.8 1638.4 1331.2 0.997078
StripRepair 1638.4 1228.8 1740.8 1331.2 0.98032
StripRepair 1740.8 1228.8 1843.2 1331.2 0.511849
StripRepair 1536 1331.2 1638.4 1433.6 0.918852
StripRepair 1638.4 1331.2 1740.8 1433.6 0.996635
StripRepair 1740.8 1331.2 1843.2 1433.6 0.999284
StripRepair 1843.2 1331.2 1945.6 1433.6 0.999294
StripRepair 1945.6 1331.2 2048 1433.6 0.997981
StripRepair 1945.6 1433.6 2048 1536 0.966279
LongitudinalCrack 1228.8 0 1331.2 102.4 0.942129
LongitudinalCrack 1228.8 102.4 1331.2 204.8 0.991761
LongitudinalCrack 1228.8 204.8 1331.2 307.2 0.99848
LongitudinalCrack 1228.8 307.2 1331.2 409.6 0.998367
LongitudinalCrack 1228.8 409.6 1331.2 512 0.996637
LongitudinalCrack 1228.8 512 1331.2 614.4 0.958337
LongitudinalCrack 1228.8 614.4 1331.2 716.8 0.937594
LongitudinalCrack 1228.8 716.8 1331.2 819.2 0.809662
LongitudinalCrack 1126.4 819.2 1228.8 921.6 0.422514
