StripRepair 204.8 0 307.2 102.4 0.993026
StripRepair 204.8 102.4 307.2 204.8 0.99805
StripRepair 307.2 102.4 409.6 204.8 0.983432
StripRepair 204.8 204.8 307.2 307.2 0.99596
StripRepair 307.2 204.8 409.6 307.2 0.970053
StripRepair 204.8 307.2 307.2 409.6 0.995932
StripRepair 307.2 307.2 409.6 409.6 0.891368
StripRepair 204.8 409.6 307.2 512 0.998657
StripRepair 307.2 409.6 409.6 512 0.333174
StripRepair 204.8 512 307.2 614.4 0.998655
StripRepair 102.4 614.4 204.8 716.8 0.989833
StripRepair 204.8 614.4 307.2 716.8 0.997853
StripRepair 102.4 716.8 204.8 819.2 0.998174
StripRepair 204.8 716.8 307.2 819.2 0.455276
TransverseCrack 307.2 716.8 409.6 819.2 0.481922
StripRepair 0 819.2 102.4 921.6 0.493497
StripRepair 102.4 819.2 204.8 921.6 0.999191
TransverseCrack 307.2 819.2 409.6 921.6 0.626478
StripRepair 0 921.6 102.4 1024 0.992124
StripRepair 102.4 921.6 204.8 1024 0.9982
TransverseCrack 307.2 921.6 409.6 1024 0.595607
StripRepair 0 1024 102.4 1126.4 0.989199
StripRepair 102.4 1024 204.8 1126.4 0.814901
TransverseCrack 307.2 1024 409.6 1126.4 0.640693
StripRepair 0 1126.4 102.4 1228.8 0.98513
StripRepair 102.4 1126.4 204.8 1228.8 0.676928
TransverseCrack 307.2 1126.4 409.6 1228.8 0.515186
StripRepair 0 1228.8 102.4 1331.2 0.984866
StripRepair 102.4 1228.8 204.8 1331.2 0.935937
TransverseCrack 307.2 1228.8 409.6 1331.2 0.509108
StripRepair 0 1331.2 102.4 1433.6 0.96281
StripRepair 102.4 1331.2 204.8 1433.6 0.997369
TransverseCrack 307.2 1331.2 409.6 1433.6 0.426413
StripRepair 0 1433.6 102.4 1536 0.663373
StripRepair 102.4 1433.6 204.8 1536 0.999023
TransverseCrack 307.2 1433.6 409.6 1536 0.56208
StripRepair 102.4 1536 204.8 1638.4 0.999516
TransverseCrack 307.2 1536 409.6 1638.4 0.520195
StripRepair 102.4 1638.4 204.8 1740.8 0.999187
TransverseCrack 307.2 1638.4 409.6 1740.8 0.455072
StripRepair 102.4 1740.8 204.8 1843.2 0.997048
StripRepair 204.8 1740.8 307.2 1843.2 0.539673
TransverseCrack 307.2 1740.8 409.6 1843.2 0.404514
StripRepair 102.4 1843.2 204.8 1945.6 0.994433
StripRepair 204.8 1843.2 307.2 1945.6 0.517158
StripRepair 102.4 1945.6 204.8 2048 0.998024
StripRepair 204.8 1945.6 307.2 2048 0.506964
