TransverseCrack 0 819.2 102.4 921.6 0.970074
TransverseCrack 102.4 819.2 204.8 921.6 0.993291
TransverseCrack 204.8 819.2 307.2 921.6 0.986718
TransverseCrack 307.2 819.2 409.6 921.6 0.933646
TransverseCrack 409.6 819.2 512 921.6 0.612544
TransverseCrack 512 819.2 614.4 921.6 0.256936
StripRepair 819.2 1740.8 921.6 1843.2 0.433616
StripRepair 921.6 1740.8 1024 1843.2 0.481034
StripRepair 0 1843.2 102.4 1945.6 0.997187
StripRepair 102.4 1843.2 204.8 1945.6 0.997746
StripRepair 204.8 1843.2 307.2 1945.6 0.985328
StripRepair 307.2 1843.2 409.6 1945.6 0.989771
StripRepair 409.6 1843.2 512 1945.6 0.992745
StripRepair 512 1843.2 614.4 1945.6 0.997881
StripRepair 614.4 1843.2 716.8 1945.6 0.997636
StripRepair 716.8 1843.2 819.2 1945.6 0.999636
StripRepair 819.2 1843.2 921.6 1945.6 0.999448
StripRepair 921.6 1843.2 1024 1945.6 0.999588
StripRepair 1024 1843.2 1126.4 1945.6 0.999582
StripRepair 1126.4 1843.2 1228.8 1945.6 0.999492
StripRepair 1228.8 1843.2 1331.2 1945.6 0.997428
StripRepair 1331.2 1843.2 1433.6 1945.6 0.931708
StripRepair 1843.2 1843.2 1945.6 1945.6 0.594974
StripRepair 1945.6 1843.2 2048 1945.6 0.983465
StripRepair 1126.4 1945.6 1228.8 2048 0.385119
StripRepair 1228.8 1945.6 1331.2 2048 0.989196
StripRepair 1331.2 1945.6 1433.6 2048 0.998748
StripRepair 1433.6 1945.6 1536 2048 0.998949
StripRepair 1536 1945.6 1638.4 2048 0.99889
StripRepair 1638.4 1945.6 1740.8 2048 0.998919
StripRepair 1740.8 1945.6 1843.2 2048 0.999517
StripRepair 1843.2 1945.6 1945.6 2048 0.999476
StripRepair 1945.6 1945.6 2048 2048 0.996569
LongitudinalCrack 614.4 716.8 716.8 819.2 0.933807
LongitudinalCrack 614.4 819.2 716.8 921.6 0.977552
LongitudinalCrack 614.4 921.6 716.8 1024 0.946894
LongitudinalCrack 614.4 1024 716.8 1126.4 0.820226
LongitudinalCrack 614.4 1126.4 716.8 1228.8 0.84048
LongitudinalCrack 614.4 1228.8 716.8 1331.2 0.428438
LongitudinalCrack 614.4 1331.2 716.8 1433.6 0.695978
LongitudinalCrack 614.4 1433.6 716.8 1536 0.226473
LongitudinalCrack 614.4 1536 716.8 1638.4 0.279968
