LongitudinalCrack 3196.88 0 3296.78 100 0.490216
LongitudinalCrack 799.219 100 899.122 200 0.243478
LongitudinalCrack 3196.88 100 3296.78 200 0.455521
LongitudinalCrack 3296.78 100 3396.68 200 0.277777
LongitudinalCrack 3496.59 100 3596.49 200 0.165642
LongitudinalCrack 699.317 200 799.219 300 0.128256
LongitudinalCrack 799.219 200 899.122 300 0.627366
LongitudinalCrack 3296.78 200 3396.68 300 0.125909
LongitudinalCrack 3496.59 200 3596.49 300 0.286072
LongitudinalCrack 699.317 300 799.219 400 0.448576
LongitudinalCrack 799.219 300 899.122 400 0.760703
LongitudinalCrack 3196.88 300 3296.78 400 0.148112
LongitudinalCrack 3296.78 300 3396.68 400 0.228577
LongitudinalCrack 3496.59 300 3596.49 400 0.229431
LongitudinalCrack 799.219 400 899.122 500 0.969112
LongitudinalCrack 3196.88 400 3296.78 500 0.863129
LongitudinalCrack 3496.59 400 3596.49 500 0.420172
LongitudinalCrack 799.219 500 899.122 600 0.891928
LongitudinalCrack 899.122 500 999.024 600 0.87848
LongitudinalCrack 3196.88 500 3296.78 600 0.815018
LongitudinalCrack 3496.59 500 3596.49 600 0.33748
LongitudinalCrack 899.122 600 999.024 700 0.805711
LongitudinalCrack 3096.98 600 3196.88 700 0.629123
LongitudinalCrack 3196.88 600 3296.78 700 0.599686
LongitudinalCrack 3396.68 600 3496.59 700 0.173181
LongitudinalCrack 3496.59 600 3596.49 700 0.349949
LongitudinalCrack 3096.98 700 3196.88 800 0.374256
LongitudinalCrack 3296.78 700 3396.68 800 0.175328
LongitudinalCrack 3396.68 700 3496.59 800 0.148416
LongitudinalCrack 3496.59 700 3596.49 800 0.171685
LongitudinalCrack 3196.88 800 3296.78 900 0.315678
LongitudinalCrack 3296.78 800 3396.68 900 0.306605
LongitudinalCrack 3096.98 900 3196.88 1000 0.27113
LongitudinalCrack 3196.88 900 3296.78 1000 0.285083
LongitudinalCrack 3296.78 900 3396.68 1000 0.174568
LongitudinalCrack 3496.59 900 3596.49 1000 0.202162
LongitudinalCrack 3096.98 1000 3196.88 1100 0.499707
LongitudinalCrack 3496.59 1000 3596.49 1100 0.272226
LongitudinalCrack 3096.98 1100 3196.88 1200 0.570646
LongitudinalCrack 3196.88 1100 3296.78 1200 0.160564
LongitudinalCrack 3496.59 1100 3596.49 1200 0.337648
LongitudinalCrack 2997.07 1200 3096.98 1300 0.462925
LongitudinalCrack 3096.98 1200 3196.88 1300 0.434748
LongitudinalCrack 3196.88 1200 3296.78 1300 0.180764
LongitudinalCrack 3296.78 1200 3396.68 1300 0.19531
LongitudinalCrack 3396.68 1200 3496.59 1300 0.513375
LongitudinalCrack 2997.07 1300 3096.98 1400 0.485426
LongitudinalCrack 3296.78 1300 3396.68 1400 0.832313
LongitudinalCrack 2997.07 1400 3096.98 1500 0.440085
LongitudinalCrack 3196.88 1400 3296.78 1500 0.226822
LongitudinalCrack 3296.78 1400 3396.68 1500 0.723451
LongitudinalCrack 2997.07 1500 3096.98 1600 0.129621
LongitudinalCrack 3096.98 1500 3196.88 1600 0.102856
LongitudinalCrack 3196.88 1500 3296.78 1600 0.250424
LongitudinalCrack 3296.78 1500 3396.68 1600 0.495088
LongitudinalCrack 3296.78 1600 3396.68 1700 0.319214
LongitudinalCrack 3296.78 1700 3396.68 1800 0.104606
LongitudinalCrack 3196.88 1800 3296.78 1900 0.225113
LongitudinalCrack 2997.07 1900 3096.98 2000 0.124824
