LongitudinalCrack 1598.44 0 1698.34 100 0.72717
LongitudinalCrack 1598.44 100 1698.34 200 0.841105
LongitudinalCrack 3196.88 100 3296.78 200 0.328749
LongitudinalCrack 1598.44 200 1698.34 300 0.864164
LongitudinalCrack 3196.88 200 3296.78 300 0.359035
LongitudinalCrack 1598.44 300 1698.34 400 0.870658
LongitudinalCrack 3096.98 300 3196.88 400 0.301443
LongitudinalCrack 3196.88 300 3296.78 400 0.294191
LongitudinalCrack 1598.44 400 1698.34 500 0.789811
LongitudinalCrack 3096.98 400 3196.88 500 0.265363
LongitudinalCrack 1598.44 500 1698.34 600 0.956868
LongitudinalCrack 3096.98 500 3196.88 600 0.625444
LongitudinalCrack 1598.44 600 1698.34 700 0.920292
LongitudinalCrack 3096.98 600 3196.88 700 0.740778
LongitudinalCrack 1598.44 700 1698.34 800 0.409918
LongitudinalCrack 3096.98 700 3196.88 800 0.765662
LongitudinalCrack 3196.88 700 3296.78 800 0.124816
LongitudinalCrack 1598.44 800 1698.34 900 0.492808
LongitudinalCrack 3096.98 800 3196.88 900 0.198376
LongitudinalCrack 3196.88 800 3296.78 900 0.387951
LongitudinalCrack 1598.44 900 1698.34 1000 0.459152
LongitudinalCrack 3196.88 900 3296.78 1000 0.443967
LongitudinalCrack 1598.44 1000 1698.34 1100 0.741682
LongitudinalCrack 1598.44 1100 1698.34 1200 0.933759
LongitudinalCrack 3196.88 1100 3296.78 1200 0.180763
LongitudinalCrack 1598.44 1200 1698.34 1300 0.978969
LongitudinalCrack 3196.88 1200 3296.78 1300 0.328941
LongitudinalCrack 3296.78 1200 3396.68 1300 0.121602
LongitudinalCrack 1598.44 1300 1698.34 1400 0.972451
LongitudinalCrack 1598.44 1400 1698.34 1500 0.959315
LongitudinalCrack 1598.44 1500 1698.34 1600 0.838826
LongitudinalCrack 1498.54 1600 1598.44 1700 0.4198
LongitudinalCrack 1598.44 1600 1698.34 1700 0.498714
LongitudinalCrack 1498.54 1700 1598.44 1800 0.861717
LongitudinalCrack 1598.44 1700 1698.34 1800 0.18491
LongitudinalCrack 1498.54 1800 1598.44 1900 0.831392
LongitudinalCrack 1598.44 1800 1698.34 1900 0.676023
LongitudinalCrack 1598.44 1900 1698.34 2000 0.767834
