StripRepair 1331.2 307.2 1433.6 409.6 0.356941
StripRepair 1433.6 307.2 1536 409.6 0.990216
StripRepair 1536 307.2 1638.4 409.6 0.998252
StripRepair 1638.4 307.2 1740.8 409.6 0.995859
StripRepair 1740.8 307.2 1843.2 409.6 0.977618
StripRepair 1843.2 307.2 1945.6 409.6 0.801122
StripRepair 1945.6 307.2 2048 409.6 0.164784
StripRepair 819.2 409.6 921.6 512 0.990581
StripRepair 921.6 409.6 1024 512 0.999671
StripRepair 1024 409.6 1126.4 512 0.999655
StripRepair 1126.4 409.6 1228.8 512 0.999551
StripRepair 1228.8 409.6 1331.2 512 0.999606
StripRepair 1331.2 409.6 1433.6 512 0.999416
StripRepair 1433.6 409.6 1536 512 0.995228
StripRepair 1536 409.6 1638.4 512 0.803426
StripRepair 1638.4 409.6 1740.8 512 0.985066
StripRepair 1740.8 409.6 1843.2 512 0.997714
StripRepair 1843.2 409.6 1945.6 512 0.999486
StripRepair 1945.6 409.6 2048 512 0.999069
