LongitudinalCrack 1228.8 0 1331.2 102.4 0.193648
LongitudinalCrack 1228.8 102.4 1331.2 204.8 0.540687
LongitudinalCrack 1228.8 204.8 1331.2 307.2 0.541052
LongitudinalCrack 1126.4 307.2 1228.8 409.6 0.603665
LongitudinalCrack 1126.4 409.6 1228.8 512 0.593976
LongitudinalCrack 1126.4 512 1228.8 614.4 0.211424
LongitudinalCrack 1228.8 512 1331.2 614.4 0.101305
LongitudinalCrack 1228.8 614.4 1331.2 716.8 0.119228
LongitudinalCrack 1228.8 921.6 1331.2 1024 0.449147
LongitudinalCrack 1228.8 1024 1331.2 1126.4 0.595043
LongitudinalCrack 1228.8 1126.4 1331.2 1228.8 0.748234
LongitudinalCrack 1228.8 1228.8 1331.2 1331.2 0.865017
LongitudinalCrack 1228.8 1331.2 1331.2 1433.6 0.915616
LongitudinalCrack 1228.8 1433.6 1331.2 1536 0.889025
LongitudinalCrack 1228.8 1536 1331.2 1638.4 0.808146
LongitudinalCrack 1228.8 1638.4 1331.2 1740.8 0.940789
LongitudinalCrack 1228.8 1740.8 1331.2 1843.2 0.908484
LongitudinalCrack 1228.8 1843.2 1331.2 1945.6 0.647375
LongitudinalCrack 1228.8 1945.6 1331.2 2048 0.553453
