LongitudinalCrack 0 1024 102.4 1126.4 0.73599
LongitudinalCrack 102.4 1024 204.8 1126.4 0.477966
LongitudinalCrack 0 1126.4 102.4 1228.8 0.833762
LongitudinalCrack 102.4 1126.4 204.8 1228.8 0.815734
LongitudinalCrack 0 1228.8 102.4 1331.2 0.12584
LongitudinalCrack 102.4 1228.8 204.8 1331.2 0.905894
LongitudinalCrack 0 1331.2 102.4 1433.6 0.100695
LongitudinalCrack 102.4 1331.2 204.8 1433.6 0.906977
LongitudinalCrack 0 1433.6 102.4 1536 0.772789
LongitudinalCrack 102.4 1433.6 204.8 1536 0.81202
LongitudinalCrack 0 1536 102.4 1638.4 0.927556
LongitudinalCrack 102.4 1536 204.8 1638.4 0.484767
LongitudinalCrack 0 1638.4 102.4 1740.8 0.928949
LongitudinalCrack 102.4 1638.4 204.8 1740.8 0.159869
LongitudinalCrack 0 1740.8 102.4 1843.2 0.826677
LongitudinalCrack 102.4 1740.8 204.8 1843.2 0.229357
LongitudinalCrack 0 1843.2 102.4 1945.6 0.587917
LongitudinalCrack 0 1945.6 102.4 2048 0.208371
