LongitudinalCrack 1126.4 0 1228.8 102.4 0.460469
LongitudinalCrack 1228.8 0 1331.2 102.4 0.828934
LongitudinalCrack 1228.8 102.4 1331.2 204.8 0.928588
LongitudinalCrack 1126.4 204.8 1228.8 307.2 0.600979
LongitudinalCrack 1228.8 204.8 1331.2 307.2 0.957116
LongitudinalCrack 1126.4 307.2 1228.8 409.6 0.965669
LongitudinalCrack 1228.8 307.2 1331.2 409.6 0.53654
LongitudinalCrack 1126.4 409.6 1228.8 512 0.976323
LongitudinalCrack 1228.8 409.6 1331.2 512 0.261903
LongitudinalCrack 1126.4 512 1228.8 614.4 0.950282
LongitudinalCrack 1228.8 512 1331.2 614.4 0.792255
LongitudinalCrack 1126.4 614.4 1228.8 716.8 0.833754
LongitudinalCrack 1228.8 614.4 1331.2 716.8 0.891139
LongitudinalCrack 1126.4 716.8 1228.8 819.2 0.879442
LongitudinalCrack 1228.8 716.8 1331.2 819.2 0.599413
LongitudinalCrack 1126.4 819.2 1228.8 921.6 0.909408
LongitudinalCrack 1228.8 819.2 1331.2 921.6 0.166309
LongitudinalCrack 1126.4 921.6 1228.8 1024 0.857687
LongitudinalCrack 1228.8 921.6 1331.2 1024 0.930287
LongitudinalCrack 1228.8 1024 1331.2 1126.4 0.967095
LongitudinalCrack 1228.8 1126.4 1331.2 1228.8 0.979778
LongitudinalCrack 1228.8 1228.8 1331.2 1331.2 0.990338
LongitudinalCrack 1228.8 1331.2 1331.2 1433.6 0.99364
LongitudinalCrack 1228.8 1433.6 1331.2 1536 0.990495
LongitudinalCrack 1228.8 1536 1331.2 1638.4 0.984332
LongitudinalCrack 1228.8 1638.4 1331.2 1740.8 0.98532
LongitudinalCrack 1126.4 1740.8 1228.8 1843.2 0.151227
LongitudinalCrack 1228.8 1740.8 1331.2 1843.2 0.977334
LongitudinalCrack 1126.4 1843.2 1228.8 1945.6 0.382962
LongitudinalCrack 1228.8 1843.2 1331.2 1945.6 0.973981
LongitudinalCrack 1126.4 1945.6 1228.8 2048 0.302765
LongitudinalCrack 1228.8 1945.6 1331.2 2048 0.981686
