TransverseCrack 0 819.2 102.4 921.6 0.976877
TransverseCrack 102.4 819.2 204.8 921.6 0.990283
TransverseCrack 204.8 819.2 307.2 921.6 0.992219
TransverseCrack 307.2 819.2 409.6 921.6 0.985782
TransverseCrack 409.6 819.2 512 921.6 0.969266
TransverseCrack 512 819.2 614.4 921.6 0.955842
TransverseCrack 614.4 819.2 716.8 921.6 0.975313
TransverseCrack 614.4 921.6 716.8 1024 0.989863
StripRepair 819.2 1740.8 921.6 1843.2 0.732597
StripRepair 921.6 1740.8 1024 1843.2 0.846459
StripRepair 0 1843.2 102.4 1945.6 0.994542
StripRepair 102.4 1843.2 204.8 1945.6 0.994917
StripRepair 204.8 1843.2 307.2 1945.6 0.994348
StripRepair 307.2 1843.2 409.6 1945.6 0.995782
StripRepair 409.6 1843.2 512 1945.6 0.997469
StripRepair 512 1843.2 614.4 1945.6 0.998697
StripRepair 614.4 1843.2 716.8 1945.6 0.99673
StripRepair 716.8 1843.2 819.2 1945.6 0.996693
StripRepair 819.2 1843.2 921.6 1945.6 0.996867
StripRepair 921.6 1843.2 1024 1945.6 0.99869
StripRepair 1024 1843.2 1126.4 1945.6 0.999225
StripRepair 1126.4 1843.2 1228.8 1945.6 0.998513
StripRepair 1228.8 1843.2 1331.2 1945.6 0.99529
StripRepair 1331.2 1843.2 1433.6 1945.6 0.972886
StripRepair 1433.6 1843.2 1536 1945.6 0.26557
StripRepair 1843.2 1843.2 1945.6 1945.6 0.855898
StripRepair 1945.6 1843.2 2048 1945.6 0.99453
StripRepair 0 1945.6 102.4 2048 0.18418
StripRepair 102.4 1945.6 204.8 2048 0.13263
StripRepair 1126.4 1945.6 1228.8 2048 0.847784
StripRepair 1228.8 1945.6 1331.2 2048 0.996626
StripRepair 1331.2 1945.6 1433.6 2048 0.998511
StripRepair 1433.6 1945.6 1536 2048 0.998105
StripRepair 1536 1945.6 1638.4 2048 0.998351
StripRepair 1638.4 1945.6 1740.8 2048 0.997844
StripRepair 1740.8 1945.6 1843.2 2048 0.997627
StripRepair 1843.2 1945.6 1945.6 2048 0.996656
StripRepair 1945.6 1945.6 2048 2048 0.995454
LongitudinalCrack 614.4 204.8 716.8 307.2 0.464499
LongitudinalCrack 614.4 307.2 716.8 409.6 0.601802
LongitudinalCrack 614.4 409.6 716.8 512 0.667441
LongitudinalCrack 614.4 512 716.8 614.4 0.547081
LongitudinalCrack 614.4 614.4 716.8 716.8 0.650192
LongitudinalCrack 614.4 716.8 716.8 819.2 0.923038
LongitudinalCrack 512 819.2 614.4 921.6 0.955842
LongitudinalCrack 614.4 819.2 716.8 921.6 0.975313
LongitudinalCrack 716.8 819.2 819.2 921.6 0.110955
LongitudinalCrack 614.4 921.6 716.8 1024 0.989863
LongitudinalCrack 716.8 921.6 819.2 1024 0.313905
LongitudinalCrack 614.4 1024 716.8 1126.4 0.986442
LongitudinalCrack 716.8 1024 819.2 1126.4 0.207433
LongitudinalCrack 614.4 1126.4 716.8 1228.8 0.978836
LongitudinalCrack 614.4 1228.8 716.8 1331.2 0.919386
LongitudinalCrack 614.4 1331.2 716.8 1433.6 0.683266
LongitudinalCrack 614.4 1433.6 716.8 1536 0.42688
LongitudinalCrack 614.4 1536 716.8 1638.4 0.175299
