StripRepair 1331.2 307.2 1433.6 409.6 0.500476
StripRepair 1433.6 307.2 1536 409.6 0.997416
StripRepair 1536 307.2 1638.4 409.6 0.998836
StripRepair 1638.4 307.2 1740.8 409.6 0.999206
StripRepair 1740.8 307.2 1843.2 409.6 0.998507
StripRepair 1843.2 307.2 1945.6 409.6 0.979141
StripRepair 1945.6 307.2 2048 409.6 0.207544
StripRepair 819.2 409.6 921.6 512 0.987034
StripRepair 921.6 409.6 1024 512 0.998972
StripRepair 1024 409.6 1126.4 512 0.999695
StripRepair 1126.4 409.6 1228.8 512 0.999831
StripRepair 1228.8 409.6 1331.2 512 0.99974
StripRepair 1331.2 409.6 1433.6 512 0.999727
StripRepair 1433.6 409.6 1536 512 0.998748
StripRepair 1536 409.6 1638.4 512 0.997962
StripRepair 1638.4 409.6 1740.8 512 0.999029
StripRepair 1740.8 409.6 1843.2 512 0.998339
StripRepair 1843.2 409.6 1945.6 512 0.998822
StripRepair 1945.6 409.6 2048 512 0.998569
