StripRepair 204.8 0 307.2 102.4 0.992472
StripRepair 307.2 0 409.6 102.4 0.68634
StripRepair 204.8 102.4 307.2 204.8 0.994866
StripRepair 307.2 102.4 409.6 204.8 0.994332
StripRepair 204.8 204.8 307.2 307.2 0.994116
StripRepair 307.2 204.8 409.6 307.2 0.992369
StripRepair 204.8 307.2 307.2 409.6 0.994496
StripRepair 307.2 307.2 409.6 409.6 0.992612
StripRepair 204.8 409.6 307.2 512 0.996388
StripRepair 307.2 409.6 409.6 512 0.888319
StripRepair 102.4 512 204.8 614.4 0.591992
StripRepair 204.8 512 307.2 614.4 0.998268
StripRepair 102.4 614.4 204.8 716.8 0.9912
StripRepair 204.8 614.4 307.2 716.8 0.994054
StripRepair 102.4 716.8 204.8 819.2 0.996555
StripRepair 204.8 716.8 307.2 819.2 0.950342
StripRepair 0 819.2 102.4 921.6 0.669241
StripRepair 102.4 819.2 204.8 921.6 0.997788
StripRepair 0 921.6 102.4 1024 0.987331
StripRepair 102.4 921.6 204.8 1024 0.996068
StripRepair 0 1024 102.4 1126.4 0.978901
StripRepair 102.4 1024 204.8 1126.4 0.975194
StripRepair 0 1126.4 102.4 1228.8 0.967777
StripRepair 102.4 1126.4 204.8 1228.8 0.957441
StripRepair 0 1228.8 102.4 1331.2 0.984264
StripRepair 102.4 1228.8 204.8 1331.2 0.987181
StripRepair 0 1331.2 102.4 1433.6 0.962958
StripRepair 102.4 1331.2 204.8 1433.6 0.989253
StripRepair 0 1433.6 102.4 1536 0.842307
StripRepair 102.4 1433.6 204.8 1536 0.989907
StripRepair 102.4 1536 204.8 1638.4 0.995036
StripRepair 102.4 1638.4 204.8 1740.8 0.993182
StripRepair 204.8 1638.4 307.2 1740.8 0.514794
StripRepair 102.4 1740.8 204.8 1843.2 0.986093
StripRepair 204.8 1740.8 307.2 1843.2 0.856314
StripRepair 102.4 1843.2 204.8 1945.6 0.972846
StripRepair 204.8 1843.2 307.2 1945.6 0.864794
StripRepair 102.4 1945.6 204.8 2048 0.977382
StripRepair 204.8 1945.6 307.2 2048 0.809806
