StripRepair 102.4 921.6 204.8 1024 0.946368
StripRepair 204.8 921.6 307.2 1024 0.997016
StripRepair 307.2 921.6 409.6 1024 0.998155
StripRepair 409.6 921.6 512 1024 0.999408
StripRepair 512 921.6 614.4 1024 0.999008
StripRepair 614.4 921.6 716.8 1024 0.998452
StripRepair 716.8 921.6 819.2 1024 0.994958
StripRepair 819.2 921.6 921.6 1024 0.462679
StripRepair 0 1024 102.4 1126.4 0.993297
StripRepair 102.4 1024 204.8 1126.4 0.997869
StripRepair 204.8 1024 307.2 1126.4 0.962655
StripRepair 307.2 1024 409.6 1126.4 0.132463
StripRepair 614.4 1024 716.8 1126.4 0.983985
StripRepair 716.8 1024 819.2 1126.4 0.997612
StripRepair 819.2 1024 921.6 1126.4 0.998647
StripRepair 921.6 1024 1024 1126.4 0.99924
StripRepair 1024 1024 1126.4 1126.4 0.998007
StripRepair 1126.4 1024 1228.8 1126.4 0.927832
StripRepair 0 1126.4 102.4 1228.8 0.990513
StripRepair 102.4 1126.4 204.8 1228.8 0.507288
StripRepair 921.6 1126.4 1024 1228.8 0.124732
StripRepair 1024 1126.4 1126.4 1228.8 0.994731
StripRepair 1126.4 1126.4 1228.8 1228.8 0.998043
StripRepair 1228.8 1126.4 1331.2 1228.8 0.998731
StripRepair 1331.2 1126.4 1433.6 1228.8 0.981936
StripRepair 0 1228.8 102.4 1331.2 0.230903
StripRepair 1228.8 1228.8 1331.2 1331.2 0.978436
StripRepair 1331.2 1228.8 1433.6 1331.2 0.99755
StripRepair 1433.6 1228.8 1536 1331.2 0.998793
StripRepair 1536 1228.8 1638.4 1331.2 0.997363
StripRepair 1638.4 1228.8 1740.8 1331.2 0.99268
StripRepair 1740.8 1228.8 1843.2 1331.2 0.657593
StripRepair 1433.6 1331.2 1536 1433.6 0.103924
StripRepair 1536 1331.2 1638.4 1433.6 0.992191
StripRepair 1638.4 1331.2 1740.8 1433.6 0.998213
StripRepair 1740.8 1331.2 1843.2 1433.6 0.998594
StripRepair 1843.2 1331.2 1945.6 1433.6 0.99922
StripRepair 1945.6 1331.2 2048 1433.6 0.998617
StripRepair 1843.2 1433.6 1945.6 1536 0.221369
StripRepair 1945.6 1433.6 2048 1536 0.992284
LongitudinalCrack 1228.8 0 1331.2 102.4 0.989845
LongitudinalCrack 1228.8 102.4 1331.2 204.8 0.995435
LongitudinalCrack 1228.8 204.8 1331.2 307.2 0.995628
LongitudinalCrack 1228.8 307.2 1331.2 409.6 0.996158
LongitudinalCrack 1228.8 409.6 1331.2 512 0.994564
LongitudinalCrack 1126.4 512 1228.8 614.4 0.747289
LongitudinalCrack 1228.8 512 1331.2 614.4 0.981728
LongitudinalCrack 1126.4 614.4 1228.8 716.8 0.871674
LongitudinalCrack 1228.8 614.4 1331.2 716.8 0.854024
LongitudinalCrack 1126.4 716.8 1228.8 819.2 0.65619
LongitudinalCrack 1228.8 716.8 1331.2 819.2 0.9063
LongitudinalCrack 1024 819.2 1126.4 921.6 0.264404
LongitudinalCrack 1126.4 819.2 1228.8 921.6 0.913553
LongitudinalCrack 1228.8 819.2 1331.2 921.6 0.272207
LongitudinalCrack 1126.4 921.6 1228.8 1024 0.11194
