StripRepair 204.8 0 307.2 102.4 0.893325
StripRepair 204.8 102.4 307.2 204.8 0.87582
StripRepair 307.2 102.4 409.6 204.8 0.580814
StripRepair 204.8 204.8 307.2 307.2 0.958927
StripRepair 307.2 204.8 409.6 307.2 0.894718
StripRepair 204.8 307.2 307.2 409.6 0.956439
StripRepair 307.2 307.2 409.6 409.6 0.987691
StripRepair 204.8 409.6 307.2 512 0.226004
StripRepair 307.2 409.6 409.6 512 0.984405
StripRepair 409.6 409.6 512 512 0.619945
StripRepair 307.2 512 409.6 614.4 0.942623
StripRepair 409.6 512 512 614.4 0.967566
StripRepair 307.2 614.4 409.6 716.8 0.101957
StripRepair 409.6 614.4 512 716.8 0.930858
