StripRepair 1253.78 827.55 1343.33 919.5 0.11913
StripRepair 1343.33 827.55 1432.89 919.5 0.963049
StripRepair 1432.89 827.55 1522.44 919.5 0.994114
StripRepair 1522.44 827.55 1612 919.5 0.997053
StripRepair 358.222 919.5 447.778 1011.45 0.216151
StripRepair 447.778 919.5 537.333 1011.45 0.997018
StripRepair 537.333 919.5 626.889 1011.45 0.998945
StripRepair 626.889 919.5 716.444 1011.45 0.999467
StripRepair 716.444 919.5 806 1011.45 0.999485
StripRepair 806 919.5 895.556 1011.45 0.999419
StripRepair 895.556 919.5 985.111 1011.45 0.999163
StripRepair 985.111 919.5 1074.67 1011.45 0.999148
StripRepair 1074.67 919.5 1164.22 1011.45 0.999368
StripRepair 1164.22 919.5 1253.78 1011.45 0.999527
StripRepair 1253.78 919.5 1343.33 1011.45 0.999478
StripRepair 1343.33 919.5 1432.89 1011.45 0.998356
StripRepair 1432.89 919.5 1522.44 1011.45 0.990563
StripRepair 1522.44 919.5 1612 1011.45 0.92719
StripRepair 358.222 1011.45 447.778 1103.4 0.980378
StripRepair 447.778 1011.45 537.333 1103.4 0.996028
StripRepair 537.333 1011.45 626.889 1103.4 0.148609
StripRepair 89.5556 1103.4 179.111 1195.35 0.771574
StripRepair 179.111 1103.4 268.667 1195.35 0.997078
StripRepair 268.667 1103.4 358.222 1195.35 0.998104
StripRepair 358.222 1103.4 447.778 1195.35 0.998056
StripRepair 447.778 1103.4 537.333 1195.35 0.840703
StripRepair 0 1195.35 89.5556 1287.3 0.996548
StripRepair 89.5556 1195.35 179.111 1287.3 0.998851
StripRepair 179.111 1195.35 268.667 1287.3 0.997529
StripRepair 268.667 1195.35 358.222 1287.3 0.917398
StripRepair 0 1287.3 89.5556 1379.25 0.932006
