TransverseCrack 0 275.85 89.5556 367.8 0.408385
TransverseCrack 89.5556 275.85 179.111 367.8 0.39665
TransverseCrack 179.111 275.85 268.667 367.8 0.143975
TransverseCrack 268.667 275.85 358.222 367.8 0.835696
TransverseCrack 537.333 275.85 626.889 367.8 0.261763
TransverseCrack 626.889 275.85 716.444 367.8 0.360574
TransverseCrack 716.444 275.85 806 367.8 0.36525
TransverseCrack 1074.67 275.85 1164.22 367.8 0.127627
TransverseCrack 1164.22 275.85 1253.78 367.8 0.171631
TransverseCrack 0 367.8 89.5556 459.75 0.811844
TransverseCrack 89.5556 367.8 179.111 459.75 0.759639
TransverseCrack 179.111 367.8 268.667 459.75 0.832308
TransverseCrack 268.667 367.8 358.222 459.75 0.968359
TransverseCrack 358.222 367.8 447.778 459.75 0.201116
TransverseCrack 537.333 367.8 626.889 459.75 0.144775
TransverseCrack 716.444 367.8 806 459.75 0.336201
TransverseCrack 806 367.8 895.556 459.75 0.733077
TransverseCrack 895.556 367.8 985.111 459.75 0.827972
TransverseCrack 985.111 367.8 1074.67 459.75 0.813831
TransverseCrack 1074.67 367.8 1164.22 459.75 0.373693
TransverseCrack 1164.22 367.8 1253.78 459.75 0.357461
TransverseCrack 0 459.75 89.5556 551.7 0.657993
TransverseCrack 89.5556 459.75 179.111 551.7 0.386382
TransverseCrack 268.667 459.75 358.222 551.7 0.750253
TransverseCrack 358.222 459.75 447.778 551.7 0.983379
TransverseCrack 447.778 459.75 537.333 551.7 0.976902
TransverseCrack 537.333 459.75 626.889 551.7 0.944487
TransverseCrack 626.889 459.75 716.444 551.7 0.956091
TransverseCrack 716.444 459.75 806 551.7 0.958838
TransverseCrack 806 459.75 895.556 551.7 0.919294
TransverseCrack 895.556 459.75 985.111 551.7 0.834497
TransverseCrack 985.111 459.75 1074.67 551.7 0.594583
TransverseCrack 1074.67 459.75 1164.22 551.7 0.649956
TransverseCrack 1164.22 459.75 1253.78 551.7 0.333304
TransverseCrack 0 551.7 89.5556 643.65 0.556022
TransverseCrack 89.5556 551.7 179.111 643.65 0.205196
TransverseCrack 268.667 551.7 358.222 643.65 0.177247
TransverseCrack 537.333 551.7 626.889 643.65 0.459632
TransverseCrack 626.889 551.7 716.444 643.65 0.901513
TransverseCrack 716.444 551.7 806 643.65 0.886666
TransverseCrack 806 551.7 895.556 643.65 0.836955
TransverseCrack 895.556 551.7 985.111 643.65 0.602994
TransverseCrack 985.111 551.7 1074.67 643.65 0.551186
TransverseCrack 1074.67 551.7 1164.22 643.65 0.334854
TransverseCrack 1164.22 551.7 1253.78 643.65 0.222067
TransverseCrack 0 735.6 89.5556 827.55 0.668557
TransverseCrack 358.222 735.6 447.778 827.55 0.608157
TransverseCrack 447.778 735.6 537.333 827.55 0.132774
TransverseCrack 716.444 735.6 806 827.55 0.281239
TransverseCrack 806 735.6 895.556 827.55 0.592012
TransverseCrack 895.556 735.6 985.111 827.55 0.827113
TransverseCrack 985.111 735.6 1074.67 827.55 0.788489
TransverseCrack 1074.67 735.6 1164.22 827.55 0.619723
TransverseCrack 1164.22 735.6 1253.78 827.55 0.512668
TransverseCrack 1253.78 735.6 1343.33 827.55 0.279955
TransverseCrack 1343.33 735.6 1432.89 827.55 0.203991
TransverseCrack 1432.89 735.6 1522.44 827.55 0.252626
TransverseCrack 1522.44 735.6 1612 827.55 0.543618
TransverseCrack 0 827.55 89.5556 919.5 0.945007
TransverseCrack 89.5556 827.55 179.111 919.5 0.931644
TransverseCrack 179.111 827.55 268.667 919.5 0.866276
TransverseCrack 268.667 827.55 358.222 919.5 0.927426
TransverseCrack 358.222 827.55 447.778 919.5 0.941622
TransverseCrack 447.778 827.55 537.333 919.5 0.92356
TransverseCrack 537.333 827.55 626.889 919.5 0.927249
TransverseCrack 626.889 827.55 716.444 919.5 0.924611
TransverseCrack 716.444 827.55 806 919.5 0.85983
TransverseCrack 806 827.55 895.556 919.5 0.770963
TransverseCrack 895.556 827.55 985.111 919.5 0.688667
TransverseCrack 985.111 827.55 1074.67 919.5 0.405687
TransverseCrack 1074.67 827.55 1164.22 919.5 0.472256
TransverseCrack 1164.22 827.55 1253.78 919.5 0.167267
TransverseCrack 1522.44 827.55 1612 919.5 0.497585
TransverseCrack 0 919.5 89.5556 1011.45 0.900157
TransverseCrack 89.5556 919.5 179.111 1011.45 0.69592
TransverseCrack 179.111 919.5 268.667 1011.45 0.881384
TransverseCrack 268.667 919.5 358.222 1011.45 0.679312
TransverseCrack 358.222 919.5 447.778 1011.45 0.875484
TransverseCrack 447.778 919.5 537.333 1011.45 0.853999
TransverseCrack 537.333 919.5 626.889 1011.45 0.86016
TransverseCrack 626.889 919.5 716.444 1011.45 0.964083
TransverseCrack 716.444 919.5 806 1011.45 0.780101
TransverseCrack 1522.44 919.5 1612 1011.45 0.574609
TransverseCrack 0 1011.45 89.5556 1103.4 0.403614
TransverseCrack 89.5556 1011.45 179.111 1103.4 0.547786
TransverseCrack 179.111 1011.45 268.667 1103.4 0.973211
TransverseCrack 268.667 1011.45 358.222 1103.4 0.970987
TransverseCrack 358.222 1011.45 447.778 1103.4 0.969116
TransverseCrack 447.778 1011.45 537.333 1103.4 0.747965
TransverseCrack 537.333 1011.45 626.889 1103.4 0.814686
TransverseCrack 626.889 1011.45 716.444 1103.4 0.438198
TransverseCrack 716.444 1011.45 806 1103.4 0.768112
TransverseCrack 806 1011.45 895.556 1103.4 0.240834
TransverseCrack 1522.44 1011.45 1612 1103.4 0.328485
TransverseCrack 0 1103.4 89.5556 1195.35 0.879764
TransverseCrack 89.5556 1103.4 179.111 1195.35 0.980541
TransverseCrack 179.111 1103.4 268.667 1195.35 0.957682
TransverseCrack 268.667 1103.4 358.222 1195.35 0.191023
TransverseCrack 358.222 1103.4 447.778 1195.35 0.253727
TransverseCrack 447.778 1103.4 537.333 1195.35 0.390116
TransverseCrack 537.333 1103.4 626.889 1195.35 0.682917
TransverseCrack 626.889 1103.4 716.444 1195.35 0.152808
TransverseCrack 716.444 1103.4 806 1195.35 0.1025
TransverseCrack 1522.44 1103.4 1612 1195.35 0.20707
TransverseCrack 0 1195.35 89.5556 1287.3 0.782801
TransverseCrack 89.5556 1195.35 179.111 1287.3 0.636015
TransverseCrack 179.111 1195.35 268.667 1287.3 0.969686
TransverseCrack 268.667 1195.35 358.222 1287.3 0.981096
TransverseCrack 358.222 1195.35 447.778 1287.3 0.970669
TransverseCrack 447.778 1195.35 537.333 1287.3 0.920397
TransverseCrack 537.333 1195.35 626.889 1287.3 0.542868
TransverseCrack 1522.44 1195.35 1612 1287.3 0.16425
TransverseCrack 0 1287.3 89.5556 1379.25 0.742997
TransverseCrack 89.5556 1287.3 179.111 1379.25 0.520875
TransverseCrack 179.111 1287.3 268.667 1379.25 0.5175
TransverseCrack 358.222 1287.3 447.778 1379.25 0.170269
TransverseCrack 447.778 1287.3 537.333 1379.25 0.206428
TransverseCrack 537.333 1287.3 626.889 1379.25 0.332408
TransverseCrack 626.889 1287.3 716.444 1379.25 0.154168
