StripRepair 0 1471.2 89.5556 1563.15 0.97072
StripRepair 0 1563.15 89.5556 1655.1 0.997974
StripRepair 89.5556 1563.15 179.111 1655.1 0.999393
StripRepair 179.111 1563.15 268.667 1655.1 0.977907
StripRepair 89.5556 1655.1 179.111 1747.05 0.982552
StripRepair 179.111 1655.1 268.667 1747.05 0.999011
StripRepair 268.667 1655.1 358.222 1747.05 0.999246
StripRepair 358.222 1655.1 447.778 1747.05 0.998438
StripRepair 447.778 1655.1 537.333 1747.05 0.991374
StripRepair 268.667 1747.05 358.222 1839 0.955008
StripRepair 358.222 1747.05 447.778 1839 0.9951
StripRepair 447.778 1747.05 537.333 1839 0.996684
StripRepair 537.333 1747.05 626.889 1839 0.997826
StripRepair 626.889 1747.05 716.444 1839 0.997943
StripRepair 716.444 1747.05 806 1839 0.985023
StripRepair 806 1747.05 895.556 1839 0.951615
StripRepair 895.556 1747.05 985.111 1839 0.887277
LongitudinalCrack 895.556 367.8 985.111 459.75 0.239786
LongitudinalCrack 895.556 459.75 985.111 551.7 0.372623
LongitudinalCrack 895.556 551.7 985.111 643.65 0.537797
LongitudinalCrack 895.556 643.65 985.111 735.6 0.657389
LongitudinalCrack 895.556 735.6 985.111 827.55 0.787742
LongitudinalCrack 895.556 827.55 985.111 919.5 0.961552
LongitudinalCrack 806 919.5 895.556 1011.45 0.21717
LongitudinalCrack 895.556 919.5 985.111 1011.45 0.974473
LongitudinalCrack 806 1011.45 895.556 1103.4 0.873571
LongitudinalCrack 895.556 1011.45 985.111 1103.4 0.914148
LongitudinalCrack 806 1103.4 895.556 1195.35 0.896411
LongitudinalCrack 806 1195.35 895.556 1287.3 0.832479
LongitudinalCrack 806 1287.3 895.556 1379.25 0.700739
LongitudinalCrack 806 1379.25 895.556 1471.2 0.411949
LongitudinalCrack 895.556 1379.25 985.111 1471.2 0.117524
LongitudinalCrack 806 1471.2 895.556 1563.15 0.105413
