StripRepair 1522.44 367.8 1612 459.75 0.90033
StripRepair 179.111 459.75 268.667 551.7 0.932115
StripRepair 268.667 459.75 358.222 551.7 0.982897
StripRepair 358.222 459.75 447.778 551.7 0.973467
StripRepair 447.778 459.75 537.333 551.7 0.681155
StripRepair 1253.78 459.75 1343.33 551.7 0.529821
StripRepair 1343.33 459.75 1432.89 551.7 0.987064
StripRepair 1432.89 459.75 1522.44 551.7 0.997148
StripRepair 1522.44 459.75 1612 551.7 0.997518
StripRepair 179.111 551.7 268.667 643.65 0.959914
StripRepair 268.667 551.7 358.222 643.65 0.953347
StripRepair 358.222 551.7 447.778 643.65 0.973553
StripRepair 447.778 551.7 537.333 643.65 0.996199
StripRepair 537.333 551.7 626.889 643.65 0.997989
StripRepair 626.889 551.7 716.444 643.65 0.998037
StripRepair 716.444 551.7 806 643.65 0.997368
StripRepair 806 551.7 895.556 643.65 0.995966
StripRepair 895.556 551.7 985.111 643.65 0.997018
StripRepair 985.111 551.7 1074.67 643.65 0.996923
StripRepair 1074.67 551.7 1164.22 643.65 0.988788
StripRepair 1164.22 551.7 1253.78 643.65 0.98727
StripRepair 1253.78 551.7 1343.33 643.65 0.996201
StripRepair 1343.33 551.7 1432.89 643.65 0.996537
StripRepair 1432.89 551.7 1522.44 643.65 0.920007
StripRepair 0 643.65 89.5556 735.6 0.10169
StripRepair 895.556 643.65 985.111 735.6 0.117949
StripRepair 985.111 643.65 1074.67 735.6 0.978244
StripRepair 1074.67 643.65 1164.22 735.6 0.995511
StripRepair 1164.22 643.65 1253.78 735.6 0.996202
StripRepair 1253.78 643.65 1343.33 735.6 0.935109
LongitudinalCrack 268.667 183.9 358.222 275.85 0.133113
LongitudinalCrack 268.667 275.85 358.222 367.8 0.269121
LongitudinalCrack 268.667 367.8 358.222 459.75 0.238726
LongitudinalCrack 268.667 643.65 358.222 735.6 0.5302
LongitudinalCrack 358.222 643.65 447.778 735.6 0.506876
LongitudinalCrack 0 735.6 89.5556 827.55 0.126039
LongitudinalCrack 268.667 735.6 358.222 827.55 0.56053
LongitudinalCrack 358.222 735.6 447.778 827.55 0.682754
LongitudinalCrack 0 827.55 89.5556 919.5 0.121275
LongitudinalCrack 268.667 827.55 358.222 919.5 0.455166
LongitudinalCrack 358.222 827.55 447.778 919.5 0.60314
LongitudinalCrack 358.222 919.5 447.778 1011.45 0.719017
LongitudinalCrack 268.667 1011.45 358.222 1103.4 0.174701
LongitudinalCrack 358.222 1011.45 447.778 1103.4 0.753862
LongitudinalCrack 179.111 1103.4 268.667 1195.35 0.482113
LongitudinalCrack 268.667 1103.4 358.222 1195.35 0.894177
LongitudinalCrack 358.222 1103.4 447.778 1195.35 0.252475
LongitudinalCrack 89.5556 1195.35 179.111 1287.3 0.870111
LongitudinalCrack 179.111 1195.35 268.667 1287.3 0.991688
LongitudinalCrack 268.667 1195.35 358.222 1287.3 0.433329
LongitudinalCrack 0 1287.3 89.5556 1379.25 0.984679
LongitudinalCrack 89.5556 1287.3 179.111 1379.25 0.983283
LongitudinalCrack 0 1379.25 89.5556 1471.2 0.159887
LongitudinalCrack 0 1471.2 89.5556 1563.15 0.79379
LongitudinalCrack 0 1563.15 89.5556 1655.1 0.953607
LongitudinalCrack 89.5556 1563.15 179.111 1655.1 0.971583
LongitudinalCrack 268.667 1563.15 358.222 1655.1 0.161877
LongitudinalCrack 0 1655.1 89.5556 1747.05 0.938221
LongitudinalCrack 89.5556 1655.1 179.111 1747.05 0.978867
LongitudinalCrack 268.667 1655.1 358.222 1747.05 0.122982
LongitudinalCrack 0 1747.05 89.5556 1839 0.827214
LongitudinalCrack 89.5556 1747.05 179.111 1839 0.981569
LongitudinalCrack 268.667 1747.05 358.222 1839 0.121055
