StripRepair 0 459.75 89.5556 551.7 0.958118
StripRepair 89.5556 459.75 179.111 551.7 0.917886
StripRepair 179.111 459.75 268.667 551.7 0.272595
StripRepair 0 551.7 89.5556 643.65 0.900397
StripRepair 89.5556 551.7 179.111 643.65 0.952474
StripRepair 179.111 551.7 268.667 643.65 0.919001
StripRepair 268.667 551.7 358.222 643.65 0.864262
StripRepair 358.222 551.7 447.778 643.65 0.749699
StripRepair 447.778 551.7 537.333 643.65 0.891927
StripRepair 537.333 551.7 626.889 643.65 0.902668
StripRepair 626.889 551.7 716.444 643.65 0.805277
StripRepair 447.778 643.65 537.333 735.6 0.527581
StripRepair 537.333 643.65 626.889 735.6 0.928537
StripRepair 626.889 643.65 716.444 735.6 0.945028
StripRepair 716.444 643.65 806 735.6 0.925505
StripRepair 806 643.65 895.556 735.6 0.71207
StripRepair 716.444 735.6 806 827.55 0.124727
StripRepair 806 735.6 895.556 827.55 0.90817
StripRepair 895.556 735.6 985.111 827.55 0.370615
TransverseCrack 806 919.5 895.556 1011.45 0.339948
TransverseCrack 895.556 919.5 985.111 1011.45 0.134712
TransverseCrack 985.111 919.5 1074.67 1011.45 0.13933
TransverseCrack 806 1011.45 895.556 1103.4 0.547212
TransverseCrack 895.556 1011.45 985.111 1103.4 0.688936
TransverseCrack 985.111 1011.45 1074.67 1103.4 0.850193
TransverseCrack 1074.67 1011.45 1164.22 1103.4 0.968309
TransverseCrack 1164.22 1011.45 1253.78 1103.4 0.977156
TransverseCrack 1253.78 1011.45 1343.33 1103.4 0.968377
TransverseCrack 1343.33 1011.45 1432.89 1103.4 0.616137
