TransverseCrack 1522.44 183.9 1612 275.85 0.805933
TransverseCrack 1343.33 275.85 1432.89 367.8 0.734261
TransverseCrack 1432.89 275.85 1522.44 367.8 0.985832
TransverseCrack 1522.44 275.85 1612 367.8 0.923438
TransverseCrack 985.111 367.8 1074.67 459.75 0.589007
TransverseCrack 1074.67 367.8 1164.22 459.75 0.224619
TransverseCrack 1164.22 367.8 1253.78 459.75 0.973235
TransverseCrack 1253.78 367.8 1343.33 459.75 0.988979
TransverseCrack 1343.33 367.8 1432.89 459.75 0.989522
TransverseCrack 1432.89 367.8 1522.44 459.75 0.499442
TransverseCrack 985.111 459.75 1074.67 551.7 0.475967
TransverseCrack 1074.67 459.75 1164.22 551.7 0.92939
TransverseCrack 1164.22 459.75 1253.78 551.7 0.842101
TransverseCrack 985.111 551.7 1074.67 643.65 0.181843
StripRepair 1522.44 1195.35 1612 1287.3 0.351779
StripRepair 1432.89 1287.3 1522.44 1379.25 0.678021
StripRepair 1522.44 1287.3 1612 1379.25 0.96356
TransverseCrack 358.222 1379.25 447.778 1471.2 0.167938
StripRepair 447.778 1379.25 537.333 1471.2 0.974068
StripRepair 537.333 1379.25 626.889 1471.2 0.980501
StripRepair 626.889 1379.25 716.444 1471.2 0.99098
StripRepair 716.444 1379.25 806 1471.2 0.993928
StripRepair 806 1379.25 895.556 1471.2 0.997125
StripRepair 895.556 1379.25 985.111 1471.2 0.997385
StripRepair 985.111 1379.25 1074.67 1471.2 0.995625
StripRepair 1074.67 1379.25 1164.22 1471.2 0.981071
StripRepair 1164.22 1379.25 1253.78 1471.2 0.80802
StripRepair 1253.78 1379.25 1343.33 1471.2 0.984218
StripRepair 1343.33 1379.25 1432.89 1471.2 0.991884
StripRepair 1432.89 1379.25 1522.44 1471.2 0.982453
StripRepair 1522.44 1379.25 1612 1471.2 0.953994
TransverseCrack 0 1471.2 89.5556 1563.15 0.972164
TransverseCrack 89.5556 1471.2 179.111 1563.15 0.981471
TransverseCrack 179.111 1471.2 268.667 1563.15 0.975205
TransverseCrack 268.667 1471.2 358.222 1563.15 0.947641
TransverseCrack 358.222 1471.2 447.778 1563.15 0.881571
TransverseCrack 447.778 1471.2 537.333 1563.15 0.151921
StripRepair 626.889 1471.2 716.444 1563.15 0.291211
StripRepair 716.444 1471.2 806 1563.15 0.867312
StripRepair 985.111 1471.2 1074.67 1563.15 0.108985
StripRepair 1074.67 1471.2 1164.22 1563.15 0.955032
StripRepair 1164.22 1471.2 1253.78 1563.15 0.994125
StripRepair 1253.78 1471.2 1343.33 1563.15 0.994557
StripRepair 1343.33 1471.2 1432.89 1563.15 0.928731
LongitudinalCrack 537.333 0 626.889 91.95 0.321322
LongitudinalCrack 626.889 0 716.444 91.95 0.650028
LongitudinalCrack 537.333 91.95 626.889 183.9 0.180428
LongitudinalCrack 626.889 91.95 716.444 183.9 0.806694
LongitudinalCrack 626.889 183.9 716.444 275.85 0.927933
LongitudinalCrack 716.444 183.9 806 275.85 0.368996
LongitudinalCrack 626.889 275.85 716.444 367.8 0.73043
LongitudinalCrack 716.444 275.85 806 367.8 0.904557
LongitudinalCrack 716.444 367.8 806 459.75 0.963243
LongitudinalCrack 806 367.8 895.556 459.75 0.519837
LongitudinalCrack 626.889 459.75 716.444 551.7 0.352598
LongitudinalCrack 716.444 459.75 806 551.7 0.891604
LongitudinalCrack 806 459.75 895.556 551.7 0.773406
LongitudinalCrack 537.333 551.7 626.889 643.65 0.612609
LongitudinalCrack 626.889 551.7 716.444 643.65 0.918155
LongitudinalCrack 716.444 551.7 806 643.65 0.870725
LongitudinalCrack 447.778 643.65 537.333 735.6 0.12885
LongitudinalCrack 537.333 643.65 626.889 735.6 0.813338
LongitudinalCrack 537.333 735.6 626.889 827.55 0.786444
LongitudinalCrack 537.333 827.55 626.889 919.5 0.363497
