TransverseCrack 0 551.7 89.5556 643.65 0.220683
TransverseCrack 179.111 551.7 268.667 643.65 0.124652
TransverseCrack 0 643.65 89.5556 735.6 0.894708
TransverseCrack 89.5556 643.65 179.111 735.6 0.911253
TransverseCrack 179.111 643.65 268.667 735.6 0.862908
TransverseCrack 268.667 643.65 358.222 735.6 0.106774
TransverseCrack 179.111 735.6 268.667 827.55 0.579796
TransverseCrack 268.667 735.6 358.222 827.55 0.839937
TransverseCrack 358.222 735.6 447.778 827.55 0.719182
TransverseCrack 447.778 735.6 537.333 827.55 0.415345
TransverseCrack 537.333 735.6 626.889 827.55 0.478931
TransverseCrack 626.889 735.6 716.444 827.55 0.630799
TransverseCrack 716.444 735.6 806 827.55 0.752223
TransverseCrack 806 735.6 895.556 827.55 0.844858
TransverseCrack 895.556 735.6 985.111 827.55 0.922219
TransverseCrack 985.111 735.6 1074.67 827.55 0.951075
TransverseCrack 1074.67 735.6 1164.22 827.55 0.907153
TransverseCrack 1164.22 735.6 1253.78 827.55 0.826906
TransverseCrack 1253.78 735.6 1343.33 827.55 0.464769
TransverseCrack 716.444 827.55 806 919.5 0.246167
TransverseCrack 806 827.55 895.556 919.5 0.364962
