StripRepair 1432.89 551.7 1522.44 643.65 0.366736
StripRepair 1522.44 551.7 1612 643.65 0.798261
StripRepair 895.556 643.65 985.111 735.6 0.227937
StripRepair 985.111 643.65 1074.67 735.6 0.974817
StripRepair 1074.67 643.65 1164.22 735.6 0.995964
StripRepair 1164.22 643.65 1253.78 735.6 0.998248
StripRepair 1253.78 643.65 1343.33 735.6 0.996007
StripRepair 1343.33 643.65 1432.89 735.6 0.989297
StripRepair 1432.89 643.65 1522.44 735.6 0.980812
StripRepair 1522.44 643.65 1612 735.6 0.967765
StripRepair 0 735.6 89.5556 827.55 0.920135
StripRepair 89.5556 735.6 179.111 827.55 0.943727
StripRepair 179.111 735.6 268.667 827.55 0.961946
StripRepair 268.667 735.6 358.222 827.55 0.971595
StripRepair 358.222 735.6 447.778 827.55 0.967434
StripRepair 447.778 735.6 537.333 827.55 0.881154
StripRepair 537.333 735.6 626.889 827.55 0.832499
StripRepair 626.889 735.6 716.444 827.55 0.931419
StripRepair 716.444 735.6 806 827.55 0.975727
StripRepair 806 735.6 895.556 827.55 0.992974
StripRepair 895.556 735.6 985.111 827.55 0.99577
StripRepair 985.111 735.6 1074.67 827.55 0.995176
StripRepair 1074.67 735.6 1164.22 827.55 0.96952
StripRepair 1164.22 735.6 1253.78 827.55 0.248267
StripRepair 0 827.55 89.5556 919.5 0.6508
TransverseCrack 89.5556 827.55 179.111 919.5 0.68508
TransverseCrack 179.111 827.55 268.667 919.5 0.796841
TransverseCrack 268.667 827.55 358.222 919.5 0.306869
TransverseCrack 358.222 827.55 447.778 919.5 0.149015
TransverseCrack 447.778 827.55 537.333 919.5 0.170464
TransverseCrack 537.333 827.55 626.889 919.5 0.817759
TransverseCrack 626.889 827.55 716.444 919.5 0.155622
TransverseCrack 716.444 827.55 806 919.5 0.226145
TransverseCrack 806 827.55 895.556 919.5 0.749983
TransverseCrack 895.556 827.55 985.111 919.5 0.346512
TransverseCrack 985.111 827.55 1074.67 919.5 0.123865
TransverseCrack 89.5556 919.5 179.111 1011.45 0.184259
TransverseCrack 179.111 919.5 268.667 1011.45 0.88185
TransverseCrack 268.667 919.5 358.222 1011.45 0.625797
TransverseCrack 358.222 919.5 447.778 1011.45 0.171942
TransverseCrack 447.778 919.5 537.333 1011.45 0.591889
TransverseCrack 537.333 919.5 626.889 1011.45 0.860585
TransverseCrack 626.889 919.5 716.444 1011.45 0.588006
TransverseCrack 716.444 919.5 806 1011.45 0.537659
TransverseCrack 806 919.5 895.556 1011.45 0.680754
TransverseCrack 895.556 919.5 985.111 1011.45 0.647711
TransverseCrack 985.111 919.5 1074.67 1011.45 0.20671
TransverseCrack 1074.67 919.5 1164.22 1011.45 0.320987
TransverseCrack 268.667 1011.45 358.222 1103.4 0.810563
TransverseCrack 358.222 1011.45 447.778 1103.4 0.693875
TransverseCrack 447.778 1011.45 537.333 1103.4 0.858327
TransverseCrack 537.333 1011.45 626.889 1103.4 0.755642
TransverseCrack 626.889 1011.45 716.444 1103.4 0.308739
TransverseCrack 806 1011.45 895.556 1103.4 0.336917
TransverseCrack 895.556 1011.45 985.111 1103.4 0.608599
TransverseCrack 985.111 1011.45 1074.67 1103.4 0.885757
TransverseCrack 1074.67 1011.45 1164.22 1103.4 0.445423
TransverseCrack 268.667 1103.4 358.222 1195.35 0.294827
TransverseCrack 358.222 1103.4 447.778 1195.35 0.427641
TransverseCrack 447.778 1103.4 537.333 1195.35 0.568892
TransverseCrack 537.333 1103.4 626.889 1195.35 0.482553
TransverseCrack 626.889 1103.4 716.444 1195.35 0.335966
TransverseCrack 716.444 1103.4 806 1195.35 0.338369
TransverseCrack 806 1103.4 895.556 1195.35 0.603637
TransverseCrack 895.556 1103.4 985.111 1195.35 0.434553
TransverseCrack 985.111 1103.4 1074.67 1195.35 0.736757
TransverseCrack 268.667 1195.35 358.222 1287.3 0.274852
TransverseCrack 447.778 1195.35 537.333 1287.3 0.710356
TransverseCrack 537.333 1195.35 626.889 1287.3 0.175585
TransverseCrack 716.444 1195.35 806 1287.3 0.86362
TransverseCrack 806 1195.35 895.556 1287.3 0.534183
TransverseCrack 895.556 1195.35 985.111 1287.3 0.652201
TransverseCrack 268.667 1287.3 358.222 1379.25 0.337588
TransverseCrack 358.222 1287.3 447.778 1379.25 0.304163
TransverseCrack 447.778 1287.3 537.333 1379.25 0.860616
TransverseCrack 537.333 1287.3 626.889 1379.25 0.942835
TransverseCrack 626.889 1287.3 716.444 1379.25 0.967653
TransverseCrack 716.444 1287.3 806 1379.25 0.934056
TransverseCrack 358.222 1379.25 447.778 1471.2 0.240587
TransverseCrack 447.778 1379.25 537.333 1471.2 0.596883
TransverseCrack 537.333 1379.25 626.889 1471.2 0.114612
TransverseCrack 447.778 1471.2 537.333 1563.15 0.131929
